Epoch	AverageEpRet	StdEpRet	MaxEpRet	MinEpRet	EpLen	AverageVVals	StdVVals	MaxVVals	MinVVals	TotalEnvInteracts	LossPi	LossV	DeltaLossPi	DeltaLossV	Entropy	KL	ClipFrac	StopIter	Time
1	-1.9369037	55.345284	66.90313	-56.94161	119.35	-11.904385	12.347302	0.51502085	-54.770233	10000	6.103516e-08	2729.3323	-0.029340198	-195.6128	22.952562	0.016032718	0.1336	10.0	170.92035031318665
2	-2.4939635	56.81055	67.897224	-57.781616	96.28	-10.814204	11.361455	0.999364	-57.382492	15000	-1.6174316e-07	3135.651	-0.028112039	-188.55542	22.962208	0.015998436	0.1116	13.0	342.9226996898651
3	2.2964234	57.161396	66.8995	-57.920174	101.81633	-7.3918056	9.531853	1.7571074	-45.1479	20000	3.8146972e-08	3001.6123	-0.032553248	-157.07202	22.938438	0.011927122	0.1294	19.0	514.4243838787079
4	-7.565629	54.61386	63.728596	-57.62559	89.6	-6.2597337	8.304972	2.5537443	-36.850513	25000	-3.051758e-08	2643.2024	-0.024530353	-104.67505	22.931288	0.016223026	0.1524	12.0	687.16721367836
5	-1.6610036	56.061943	64.77112	-57.954983	101.265305	-3.0376782	7.4685493	4.373989	-31.957392	30000	-6.1035155e-09	2517.5315	-0.02530345	-63.4834	22.923573	0.015876178	0.11	12.0	1040.0496079921722
6	8.248977	56.4387	66.17354	-56.002666	108.45652	-1.3437479	6.264734	5.4708714	-30.380804	35000	3.051758e-08	2704.6072	-0.028088091	-88.84717	22.989954	0.015395984	0.1392	14.0	1211.191187620163
7	10.354675	55.99039	65.36576	-60.129417	112.61364	0.03510514	5.5559263	7.059267	-22.153637	40000	-1.0986328e-07	2584.5999	-0.028563622	-72.778564	22.967678	0.01568834	0.1242	17.0	1382.2090287208557
8	16.868406	55.79992	68.1123	-57.558514	133.1892	1.1443273	5.5293202	9.557928	-24.076323	45000	1.0986328e-07	2587.088	-0.0272143	-96.72363	22.971823	0.01575873	0.12	15.0	1552.3885219097137
9	14.6838875	54.611687	67.39205	-56.3002	113.47727	3.0141327	5.6864195	15.922301	-28.259474	50000	3.051758e-08	2281.5322	-0.030809276	-69.661865	22.930895	0.0146178575	0.112	19.0	1723.246277332306
10	-2.6026034	56.885838	67.48787	-57.16434	91.98148	3.210729	5.8209305	15.518083	-19.681307	55000	8.5449216e-08	2553.884	-0.025761683	-51.175293	22.961515	0.016725244	0.112	13.0	2100.18514585495
11	-3.0434241	54.743412	65.5582	-58.333523	106.38298	3.6930866	5.730765	17.938417	-18.478382	60000	-1.373291e-08	2120.9995	-0.031670634	-44.654297	23.000954	0.014817001	0.1246	19.0	2273.4718935489655
12	1.6002103	54.972637	66.998055	-56.492886	111.74419	4.3393545	5.8805747	22.29348	-24.835207	65000	0.0	1984.2988	-0.028828686	-48.033813	22.979803	0.009756487	0.1216	19.0	2446.4298305511475
13	11.67462	55.81516	68.19934	-57.60689	126.30769	5.556041	6.099188	22.372534	-21.522055	70000	1.525879e-08	2127.1553	-0.027832381	-85.055664	22.989767	0.0147225605	0.1196	19.0	2619.161969900131
14	3.7441075	56.09648	64.54576	-56.208202	105.59574	6.2191095	6.8758836	25.214653	-23.52358	75000	-1.6784668e-08	2197.6924	-0.030940138	-65.27905	22.971487	0.015514809	0.1522	18.0	2792.8338792324066
15	14.851061	56.730488	68.52756	-57.22269	115.90476	8.493071	5.80063	27.820248	-13.677114	80000	2.4414062e-08	2233.238	-0.031925213	-77.99756	22.990671	0.0146461	0.1506	19.0	3196.3716559410095
16	12.104966	55.555218	69.269966	-55.76046	112.81396	9.695417	5.8934727	35.89683	-16.944582	85000	3.6621095e-08	2030.805	-0.024247102	-64.93823	22.978495	0.016153097	0.1308	12.0	3369.411613702774
17	-11.121965	54.48981	65.85246	-57.496204	90.49056	10.101482	5.9455924	35.18787	-14.703578	90000	-4.8828124e-08	2065.942	-0.0227086	-63.48047	22.982729	0.015975494	0.1092	12.0	3543.9761397838593
18	27.597576	50.28574	66.40037	-55.69898	124.35	12.302707	5.3783445	32.593285	-11.613914	95000	-4.8828124e-08	1719.1667	-0.027675904	-71.043335	23.007545	0.0105125755	0.1418	19.0	3716.2530076503754
19	18.016624	54.36777	65.997215	-59.371716	118.57143	12.208262	7.134286	43.318344	-19.383787	100000	1.525879e-08	1786.8148	-0.025746329	-62.17041	23.024853	0.017177492	0.1236	13.0	3885.6919741630554
20	21.379833	52.429203	67.36855	-54.37486	134.91891	14.037181	6.6604753	36.833126	-15.443361	105000	-6.1035155e-09	1564.5417	-0.02785339	-61.758057	23.024408	0.014455692	0.1108	19.0	4273.926936149597
21	-2.3898282	54.502064	64.32481	-56.855778	96.98039	13.95275	7.977784	40.395733	-17.402014	110000	1.525879e-08	1673.0074	-0.022375438	-39.395996	23.00382	0.016610123	0.088	11.0	4444.263600587845
22	12.155135	55.95925	68.716736	-60.780907	127.42105	15.320606	7.5282927	50.309414	-9.546618	115000	-3.6621095e-08	1777.0322	-0.020701025	-59.199463	23.005356	0.016027253	0.0944	8.0	4613.224211931229
23	20.90218	53.469868	66.200356	-55.41588	121.414635	15.891078	7.5050735	43.10889	-21.343521	120000	-6.713867e-08	1654.5138	-0.024784891	-72.21594	22.98119	0.015813397	0.109	13.0	4782.728387117386
24	-2.8492744	56.2119	65.35906	-57.461464	103.93617	15.185371	9.939837	52.3516	-23.439796	125000	-1.2207031e-08	1842.796	-0.017779699	-90.00427	23.04186	0.018334134	0.1126	6.0	4952.323527574539
25	-11.407943	55.847458	66.19014	-57.920334	82.933334	16.11842	10.613616	52.28924	-21.781906	130000	-1.8310548e-08	1975.6388	-0.017569317	-115.384766	23.02215	0.017371312	0.126	8.0	5366.78115773201
26	19.827042	54.184837	63.214134	-55.86691	116.52381	16.960665	10.200614	54.58145	-29.851007	135000	2.4414062e-08	1521.56	-0.028705725	-74.2052	23.038471	0.014122791	0.147	19.0	5535.992793083191
27	-3.319799	55.91777	66.82086	-56.98587	94.17308	17.274511	12.557383	52.26912	-38.943493	140000	3.0517577e-09	1717.5536	-0.021815818	-44.19861	23.04117	0.017759345	0.1048	8.0	5706.604016304016
28	1.8235035	57.33458	67.68512	-58.79727	103.208336	16.689463	12.017397	51.54109	-32.12201	145000	4.5776368e-08	1749.0793	-0.031306222	-66.84094	23.024687	0.015139255	0.1488	18.0	5876.306145906448
29	13.950825	55.286343	67.59709	-57.578056	130.10527	20.919737	10.816135	60.4447	-25.506407	150000	4.577637e-09	1392.3414	-0.026349125	-48.022583	23.037909	0.013001999	0.0978	19.0	6045.286571741104
30	-6.4246154	56.515682	68.01442	-57.627647	88.72222	19.098503	12.730057	61.103172	-31.168337	155000	-4.2724608e-08	1579.3666	-0.024436902	-74.05713	23.011963	0.01655498	0.0932	13.0	6488.8777987957
31	-1.8541523	57.10557	68.0826	-57.783447	113.454544	18.946129	13.361549	53.05328	-34.56693	160000	-1.2207031e-08	1453.8961	-0.020322362	-59.757446	22.984222	0.0169294	0.129	10.0	6658.26827454567
32	2.0424724	56.52154	67.532	-56.949913	115.833336	19.897503	14.67066	68.08108	-46.863564	165000	2.1362304e-08	1284.4882	-0.022756688	-48.978638	23.02244	0.016241642	0.1008	11.0	6827.409260034561
33	-16.31918	52.73894	67.674065	-56.66647	85.36207	16.783813	16.743286	56.674686	-32.393356	170000	6.1035155e-09	1537.9496	-0.020704437	-85.24573	23.039501	0.01685513	0.0918	10.0	6999.016966342926
34	12.476889	53.19965	64.87374	-57.700573	134.83784	19.589355	13.868149	53.12237	-38.75174	175000	-4.2724608e-08	1174.5143	-0.023889054	-31.228638	23.01429	0.01558356	0.1422	15.0	7167.289699077606
35	8.331444	50.344845	64.94778	-58.360165	149.75	22.882074	13.289004	58.42116	-48.71687	180000	1.8310548e-08	948.3224	-0.025134528	-9.808777	23.048399	0.011952135	0.1202	19.0	7636.417652130127
36	6.794608	55.53349	66.82549	-58.142197	134.80556	20.827286	15.880763	58.868435	-52.36874	185000	-4.8828124e-08	1245.638	-0.020090533	-24.261353	23.012712	0.01904087	0.139	11.0	7805.168727397919
37	0.93707865	57.485653	66.31422	-56.44321	123.925	19.840574	18.242632	61.853394	-53.09467	190000	1.2207031e-08	1181.2478	-0.021901758	-63.30493	23.0206	0.016427737	0.111	11.0	7973.809216737747
38	13.47682	55.79825	67.297325	-58.079746	134.56757	22.90355	14.594941	60.35399	-39.403427	195000	-6.1035155e-09	1244.2136	-0.015391137	-62.95691	23.039875	0.015356133	0.093	6.0	8142.047905445099
39	6.63266	57.624157	69.3214	-60.710003	117.92857	22.746054	17.756784	66.97518	-37.456295	200000	6.1035155e-09	1249.4832	-0.025703326	-65.20532	23.051485	0.015544277	0.1116	14.0	8310.885882139206
40	5.855829	57.2634	68.575455	-59.91178	115.71429	24.57176	17.287363	65.86132	-50.615524	205000	-3.4332275e-09	1103.013	-0.033126403	-57.919556	23.035023	0.0141134625	0.143	19.0	8757.308986186981
41	10.788891	55.720383	66.62859	-57.14524	127.02631	27.5415	16.88249	96.05153	-46.22413	210000	1.373291e-08	1068.2483	-0.02459314	-26.172852	23.015821	0.016037088	0.1162	13.0	8925.989245891571
42	12.242284	53.034008	65.47757	-57.60012	139.88571	26.435122	17.000446	71.29679	-50.378563	215000	-2.1362304e-08	907.7737	-0.02675999	-22.999756	23.012638	0.013613589	0.125	19.0	9094.588534355164
43	12.896856	56.84575	66.512825	-55.864136	122.625	27.456776	17.976501	81.32074	-39.399815	220000	-3.967285e-08	1063.596	-0.02479675	-50.221436	23.019642	0.015889809	0.099	11.0	9263.67491030693
44	-2.8947773	57.302437	68.26913	-57.243862	101.229164	27.182991	20.860054	76.01135	-51.646236	225000	-6.103516e-08	1085.4312	-0.022284852	-58.188965	23.061245	0.01592213	0.1166	13.0	9433.97041964531
45	-2.9230711	55.92043	67.785904	-58.829494	106.934784	27.569046	20.784378	72.65814	-64.08142	230000	-3.051758e-08	1046.478	-0.022440504	-39.4682	23.009563	0.016506981	0.126	11.0	9897.809540271759
46	-1.4960085	55.665157	66.38483	-56.560036	111.066666	28.479162	20.182695	74.374725	-47.787746	235000	-3.0517577e-09	1181.6428	-0.024858491	-47.476562	23.04611	0.015993949	0.128	15.0	10067.832633972168
47	6.627578	57.25578	67.39731	-58.66238	118.92857	27.650766	21.62461	74.632904	-52.63859	240000	-6.1035155e-09	887.7519	-0.02539701	-35.999878	23.061766	0.016533941	0.1284	17.0	10236.97224354744
48	15.4291525	54.18052	70.92023	-56.72175	139.97144	31.68613	19.336826	79.86364	-60.27094	245000	3.0517577e-09	777.3586	-0.024020912	-14.849731	23.06761	0.016416918	0.1072	15.0	10405.272394895554
49	-2.3914664	55.07423	68.52584	-58.212646	114.57143	30.66175	19.994526	73.044426	-49.010105	250000	1.8310548e-08	1056.5631	-0.026800305	-30.479004	23.008904	0.0148875825	0.14	19.0	10574.74034500122
50	1.8887302	55.60119	65.90024	-56.59873	117.70731	29.97296	21.723871	82.54784	-54.382416	255000	-2.2888184e-08	773.14734	-0.022791639	-23.463135	23.027431	0.019944355	0.1622	11.0	11046.464275598526
51	6.0048776	55.647106	66.10342	-55.401905	121.46342	25.533182	23.811752	70.88715	-74.55655	260000	-9.307861e-08	1048.1147	-0.027761733	-34.405518	23.025965	0.0138288345	0.1414	19.0	11215.980583906174
52	2.147053	56.126106	66.84814	-58.51119	129.76315	25.094814	24.193016	79.34986	-56.897125	265000	1.8310548e-08	1119.8632	-0.028538859	-50.03955	23.060234	0.013316595	0.1312	19.0	11384.536430120468
53	9.109555	54.351025	65.55484	-56.14625	145.0	31.378641	21.388151	70.15198	-45.318626	270000	9.155274e-09	860.0329	-0.027243884	-9.769714	23.01589	0.014871684	0.1322	19.0	11553.093834877014
54	11.849465	55.59999	68.06191	-62.84363	141.02856	31.540363	20.341795	81.43146	-36.07946	275000	6.103516e-08	934.5158	-0.030371701	-15.9019165	23.010572	0.018310627	0.1456	19.0	11721.219114780426
55	-6.220743	55.64264	65.73193	-59.530968	101.55102	27.323019	24.950357	72.01381	-76.62872	280000	8.392334e-09	1063.3123	-0.020444995	-48.87274	23.059097	0.015680447	0.1044	11.0	12162.840019464493
56	9.70046	55.103092	67.37608	-58.682487	133.55556	28.947788	22.425589	77.322105	-66.971245	285000	-3.6621095e-08	1092.6738	-0.027325625	-10.919922	23.002865	0.01147281	0.1558	19.0	12331.09913444519
57	31.40708	47.45732	67.76501	-55.894756	153.70967	35.23283	16.861748	74.739075	-42.937534	290000	-5.79834e-08	718.2588	-0.02472862	-25.089905	23.04796	0.0068214373	0.1066	19.0	12498.515613794327
58	23.001556	52.660034	68.24102	-56.048668	141.0	32.516205	20.594591	93.39732	-61.731434	295000	1.2207031e-08	866.2148	-0.027831929	-26.06189	23.041815	0.012624042	0.13	19.0	12666.926271438599
59	-1.3249577	55.533886	65.057884	-57.849777	116.18604	30.610928	22.288929	92.385574	-40.39053	300000	-3.6621095e-08	1012.9404	-0.024926415	-44.954956	23.061941	0.015922813	0.1246	15.0	12836.62115764618
60	9.042795	53.503853	64.22081	-56.403427	115.76744	33.040222	22.7713	79.834335	-60.30422	305000	0.0	851.5083	-0.021339048	-30.890198	23.067518	0.016743107	0.1302	10.0	13260.006341457367
61	-3.9897096	55.764053	67.148735	-56.18304	103.74468	25.955975	27.320126	69.62462	-83.78581	310000	-2.746582e-08	1059.8478	-0.017031515	-31.109985	23.026787	0.016564947	0.124	9.0	13429.979423046112
62	1.3769051	54.41445	66.5033	-56.115635	119.731705	27.98272	27.387987	78.68844	-80.40089	315000	-2.2888184e-08	1095.1978	-0.02403553	-19.581665	23.01026	0.016397318	0.1688	15.0	13598.831319332123
63	-8.984679	55.324993	67.89608	-56.589916	97.28	21.431551	28.430794	70.89029	-69.97949	320000	5.493164e-08	1026.522	-0.030161364	-28.469543	23.027828	0.012692761	0.135	19.0	13769.21028470993
64	16.232618	56.043625	66.27371	-57.414555	113.790695	30.986328	22.350388	89.3851	-65.64897	325000	4.119873e-08	725.0686	-0.02861696	-30.457397	23.038841	0.01566542	0.11	18.0	13938.738218069077
65	-0.7128984	56.52713	65.80292	-58.69245	96.11539	27.60191	26.334297	78.37865	-63.741405	330000	2.1362304e-08	818.8647	-0.031705063	-27.299011	23.058647	0.016683582	0.1542	16.0	14353.893708705902
66	3.8459854	57.48297	68.5861	-56.781216	111.47727	29.160215	27.109325	76.42234	-66.04928	335000	2.4414062e-08	832.52966	-0.029556954	-38.777893	23.058828	0.013945795	0.1402	19.0	14523.45556139946
67	6.2819424	56.703083	68.29585	-59.44389	109.86667	29.1028	26.51653	81.288994	-62.479	340000	1.2207031e-08	958.4276	-0.02766239	-30.708801	23.033941	0.015871566	0.1448	16.0	14693.195979833603
68	13.694462	56.11156	67.4337	-56.53466	113.47727	31.297482	26.171658	90.00245	-77.96925	345000	-9.155274e-09	919.7664	-0.022809424	-23.833008	23.045229	0.017624278	0.1604	11.0	14862.911332845688
69	3.2572412	56.687218	68.71062	-58.792747	107.41304	34.05622	24.28373	79.38713	-54.822567	350000	6.1035155e-09	912.2608	-0.02226876	-27.187195	23.027224	0.016744219	0.1492	12.0	15032.51490020752
70	17.140228	53.959087	67.61858	-55.021534	138.22223	37.34944	22.955156	80.124405	-60.09378	355000	6.1035155e-09	691.8539	-0.023237774	-17.303894	23.022474	0.009995915	0.1118	19.0	15515.361063480377
71	14.851346	55.312603	67.882164	-56.11427	123.375	34.547325	24.964243	87.54825	-60.47132	360000	0.0	887.0412	-0.029792957	-24.392578	23.033213	0.010433613	0.175	19.0	15684.42533326149
72	2.6225922	56.46309	66.475845	-57.386284	110.27273	32.383038	26.37707	79.7886	-71.02174	365000	1.9836426e-08	832.4187	-0.021696808	-24.44928	23.028458	0.016011087	0.087	10.0	15854.225537538528
73	-0.36322662	56.168205	66.59094	-56.073032	112.181816	33.440926	27.483622	77.06734	-72.668045	370000	6.408691e-08	889.1764	-0.02609176	-14.519775	23.060595	0.015751462	0.1306	14.0	16023.654604434967
74	-2.3721962	55.430607	67.46593	-57.28877	104.38298	36.110435	27.117706	83.11242	-77.304115	375000	-2.1362304e-08	818.0969	-0.027742216	-39.657166	23.034203	0.013163898	0.125	19.0	16193.916146993637
75	7.0773673	55.722958	70.00873	-56.78731	131.97223	33.97901	25.665298	82.060616	-78.916664	380000	2.4414062e-08	967.7169	-0.028609887	-11.8741455	23.051783	0.010377482	0.145	19.0	16636.849778413773
76	5.9517612	55.8996	68.01039	-59.503647	118.68293	34.686157	24.759212	77.71307	-70.00738	385000	3.0517577e-09	697.5745	-0.0255792	-7.6153564	23.02661	0.009805624	0.1054	19.0	16806.287887334824
77	10.002477	56.13045	69.692314	-56.26558	110.155556	33.457508	25.48808	77.05196	-65.44365	390000	3.6621095e-08	744.0139	-0.0272209	-11.214355	22.998571	0.016889635	0.1726	15.0	16975.92268395424
78	9.11997	54.631077	68.27524	-56.292065	129.94737	34.633	26.025995	76.3122	-92.99744	395000	9.155274e-09	1010.3876	-0.027984649	-20.644287	23.000792	0.014063629	0.1136	19.0	17144.93654537201
79	-9.693546	52.67633	68.84176	-57.275196	111.066666	27.386913	31.708675	77.87638	-79.366516	400000	-6.1035155e-09	942.5627	-0.029026093	-37.505188	22.966202	0.012703138	0.149	19.0	17314.8342897892
80	14.87498	55.11498	68.28952	-57.994335	127.25641	31.318718	25.845854	81.08528	-59.830635	405000	-1.0681152e-08	952.0741	-0.028568294	-17.697876	22.99617	0.016654553	0.1554	18.0	17802.811134576797
81	-11.790737	54.039555	64.9061	-58.942757	97.04	24.130438	31.42021	73.68777	-87.600624	410000	9.155274e-09	1044.9666	-0.02895867	-36.88147	23.03039	0.016934045	0.184	16.0	17972.867917060852
82	11.866462	53.791935	66.72218	-57.191845	127.81579	29.762276	25.844849	71.94812	-74.2731	415000	1.8310548e-08	897.6722	-0.031667266	-14.597961	23.03358	0.012481833	0.1348	19.0	18142.121014356613
83	7.4538846	56.710148	65.73504	-55.687286	124.51282	29.915663	26.727015	70.251526	-81.65056	420000	1.525879e-08	832.7779	-0.028111242	-18.730896	23.0327	0.010228384	0.134	19.0	18310.79838848114
84	6.9572463	56.705494	65.993195	-56.38642	101.18367	30.997969	27.52035	68.79506	-85.603386	425000	-3.051758e-08	720.8373	-0.030730661	-22.7594	23.02065	0.012149399	0.144	19.0	18480.923855781555
85	13.301339	56.092278	65.7088	-58.005116	120.82927	32.288227	26.751677	76.76553	-81.82295	430000	3.051758e-08	673.04083	-0.030706627	-19.306519	23.01156	0.015982935	0.1462	17.0	18878.294264554977
86	21.44202	54.78808	65.84611	-56.261147	124.875	34.51283	24.933298	80.67377	-75.95569	435000	-1.525879e-08	834.4483	-0.030617759	-49.29718	23.017305	0.015357451	0.1438	18.0	19047.612628221512
87	32.80726	46.88895	69.501076	-54.11766	151.5	41.67407	20.114164	101.21005	-63.4729	440000	-1.525879e-08	904.0713	-0.028422726	-22.115906	23.026613	0.0058802874	0.1428	19.0	19215.794439554214
88	-5.4814167	54.702316	69.69288	-55.200897	103.8125	36.033882	26.757174	80.95169	-68.5184	445000	-3.2043456e-08	1130.774	-0.026041998	-54.802856	23.045528	0.01733945	0.142	12.0	19385.84261918068
89	-1.0834614	55.410137	67.026855	-57.359745	110.15909	36.7446	25.818048	75.91172	-65.45395	450000	-1.2207031e-08	898.7776	-0.026319152	-35.52881	23.00608	0.015999325	0.1336	17.0	19555.412066936493
90	1.6555396	55.499744	66.35521	-57.50607	114.441864	28.933607	29.239706	80.04598	-87.48884	455000	-5.1879884e-08	917.712	-0.029187726	-15.219971	23.026674	0.0145799685	0.1386	19.0	20018.506892442703
91	8.544714	53.876125	68.81567	-56.50951	135.88889	33.757584	23.242384	69.16695	-69.49183	460000	-3.051758e-08	967.0018	-0.027636299	-13.316589	23.021807	0.015471941	0.1476	16.0	20187.39856982231
92	5.564922	56.740707	66.62209	-56.520424	112.5	27.564863	28.359755	68.9493	-69.44666	465000	-1.8310548e-08	823.0655	-0.031233987	-23.635193	22.998503	0.015218085	0.1576	17.0	20357.244010925293
93	19.176666	52.72897	66.76704	-56.705284	147.36363	33.32128	23.982714	71.99775	-77.38106	470000	-2.1362304e-08	1072.289	-0.029990489	-23.432495	22.998037	0.010780366	0.1396	19.0	20525.628131866455
94	2.1292036	55.65083	64.79438	-57.956818	109.31111	31.576876	28.165232	76.69613	-69.80772	475000	5.493164e-08	838.6412	-0.027609508	-11.619446	22.996386	0.0153468065	0.1362	16.0	20695.384967565536
95	17.716448	54.579063	66.56426	-56.88484	119.36585	37.042477	20.199923	72.30706	-62.48419	480000	3.051758e-08	703.1856	-0.01982088	-10.250427	22.979485	0.017326426	0.1352	10.0	21134.22150492668
96	2.0304816	56.572556	66.430435	-55.782024	118.2381	28.85867	28.74997	75.50802	-73.84644	485000	1.2207031e-08	1137.5444	-0.027549872	-40.549805	23.008274	0.016659195	0.1776	14.0	21303.735845565796
97	7.536036	54.703438	65.98271	-57.67779	121.902435	32.24802	25.99418	76.86608	-64.30795	490000	5.493164e-08	980.1508	-0.02844916	-25.434448	23.023453	0.015006285	0.1468	19.0	21472.678985595703
98	0.23157239	57.43771	68.455765	-56.30693	106.26667	32.998627	26.637959	79.087296	-74.46108	495000	-5.79834e-08	726.5067	-0.027430473	-23.458374	23.008896	0.016586479	0.1406	14.0	21642.735896587372
99	13.963346	55.38736	66.51309	-56.896835	122.575	36.18547	23.88242	87.41461	-63.9855	500000	-3.0517577e-09	558.17773	-0.02180277	-14.704224	23.0112	0.016436176	0.1184	9.0	21811.655814409256
100	13.525586	56.26871	69.54232	-56.755173	115.139534	36.667458	25.221807	79.6406	-62.24165	505000	2.4414062e-08	560.8264	-0.029969616	-41.567688	23.013575	0.0068796175	0.1082	19.0	22260.579466819763
101	10.711597	54.878193	64.20253	-57.091747	120.4	38.4264	22.615585	75.975784	-50.472157	510000	-9.155274e-09	733.4047	-0.02796505	-12.876221	23.00891	0.01565613	0.168	15.0	22429.556016921997
102	10.86606	55.726154	67.47101	-56.999264	127.5	40.416645	22.513144	90.881134	-68.01807	515000	-4.577637e-09	829.79584	-0.031549875	-28.351929	22.997972	0.010425642	0.1378	19.0	22598.08557653427
103	32.591713	48.167618	67.645195	-52.854637	144.72728	38.464108	23.310991	82.043144	-61.452877	520000	1.8310548e-08	874.3124	-0.025441095	-35.55188	23.043638	0.016771097	0.1714	14.0	22766.529087543488
104	5.901428	54.29191	64.94155	-55.98839	129.21053	37.60238	22.25211	82.90653	-57.77195	525000	-1.2207031e-08	842.9917	-0.032506045	-10.8479	23.021538	0.013295365	0.1596	19.0	22935.292773723602
105	-1.7964348	55.739994	67.7408	-56.603676	104.14893	35.445892	26.183235	91.803566	-55.685257	530000	-3.0517577e-09	895.2279	-0.026077246	-11.40509	23.016579	0.016050832	0.146	16.0	23390.783707857132
106	9.198084	53.727177	65.223274	-57.335526	127.07692	36.578304	22.744064	74.156006	-55.503956	535000	-4.577637e-09	847.2912	-0.028502615	-19.765198	22.999907	0.0118269855	0.1686	19.0	23559.877376556396
107	6.6618514	57.171432	67.4463	-57.07051	105.978264	36.91847	24.927471	72.63149	-60.206463	540000	2.4414062e-08	456.4658	-0.031589642	-19.411682	23.014256	0.014505415	0.1592	19.0	23729.357810020447
108	36.48018	44.12115	66.47355	-55.816036	152.90625	39.93135	19.145006	70.80952	-75.21246	545000	-2.1362304e-08	568.3744	-0.021778703	-26.421387	22.969215	0.013263379	0.1674	19.0	23897.99553656578
109	12.858754	54.958004	65.59635	-56.227886	117.5	34.971397	25.064444	80.294106	-54.560352	550000	-1.9836426e-08	853.9164	-0.022535533	-26.573975	22.988056	0.016095942	0.156	12.0	24067.51145672798
110	10.056234	56.074055	70.202866	-57.556065	118.35714	35.759003	26.56331	77.36207	-72.314804	555000	-3.0517577e-09	723.32135	-0.023399312	-17.650818	23.024122	0.017684937	0.1626	13.0	24508.74945116043
111	11.633207	55.2279	67.35953	-58.7084	126.051285	37.78297	23.518364	85.56665	-71.58247	560000	2.4414062e-08	804.8829	-0.030658813	-20.404663	23.014847	0.012632399	0.1242	19.0	24677.749965667725
112	11.364416	55.37082	67.44094	-56.720516	116.093025	39.737705	23.704882	79.40111	-60.837273	565000	2.4414062e-08	860.4647	-0.028343206	-10.974426	23.016241	0.010426738	0.1426	19.0	24847.12332391739
113	5.011526	55.13021	66.55014	-56.49846	121.36585	35.130997	26.670073	81.33432	-62.541096	570000	1.2207031e-08	862.7363	-0.028104614	-15.739746	23.005878	0.012206175	0.1382	19.0	25016.25097846985
114	14.99748	53.882435	67.29748	-56.307743	139.91429	35.591946	24.272755	76.08351	-78.2592	575000	1.2207031e-08	862.6377	-0.028731745	-23.680725	23.044966	0.008133449	0.1128	19.0	25184.49573159218
115	7.023316	57.049103	68.98653	-58.875927	110.022224	34.51843	24.85552	73.57067	-72.40203	580000	4.2724608e-08	758.00415	-0.025936035	-11.402039	23.001652	0.018348387	0.1386	15.0	25581.671914577484
116	26.193714	51.028477	68.20911	-56.03102	153.59375	40.507843	19.579433	79.48224	-61.51373	585000	-4.7302247e-08	764.6984	-0.028534012	-10.166687	22.994781	0.009919714	0.1248	19.0	25749.61902141571
117	13.194381	55.312256	66.94072	-57.21259	118.0	35.92024	25.326843	81.05807	-61.299946	590000	-4.2724608e-08	727.0358	-0.03182142	-16.408325	22.977238	0.012867955	0.15	19.0	25919.250608205795
118	18.918653	54.912838	65.09103	-58.00323	123.425	40.37535	20.25371	86.09182	-46.1875	595000	-4.4250488e-08	607.1541	-0.02886899	-10.88324	23.021965	0.016419662	0.131	15.0	26088.192998170853
119	6.926104	52.758434	65.75171	-59.888145	139.05714	40.810616	21.118681	77.82622	-54.559933	600000	-6.103516e-08	1115.9844	-0.030205358	-68.41687	23.035347	0.010803546	0.1286	19.0	26256.608686685562
120	19.241812	53.179234	68.29257	-57.123077	141.74286	40.4397	18.36912	77.06487	-67.08873	605000	-9.155274e-09	777.58527	-0.027269306	-20.599854	23.061941	0.007681134	0.149	19.0	26732.364419221878
121	11.058189	53.331192	68.089554	-57.452213	137.52777	34.42055	22.511917	81.019844	-65.33607	610000	1.2207031e-08	948.8171	-0.027361559	-10.285278	23.031843	0.012279236	0.1486	19.0	26900.98474764824
122	23.762222	53.98765	66.30533	-54.337837	133.83333	38.19686	20.613026	75.602264	-69.009026	615000	9.155274e-09	419.5037	-0.029617075	-31.79663	23.02275	0.009450051	0.129	19.0	27069.881529808044
123	15.524483	55.995625	66.94934	-57.15972	131.07895	38.602005	18.807878	75.94119	-51.56625	620000	2.3651124e-08	865.8686	-0.031924978	-18.590881	22.984497	0.015426801	0.1514	19.0	27238.56037545204
124	29.562912	49.66755	65.297295	-55.074997	141.45714	40.196117	18.165966	77.84877	-41.703224	625000	6.408691e-08	641.9396	-0.027880581	-12.579529	22.987621	0.011224809	0.146	19.0	27407.25652909279
125	31.199799	51.06497	67.04564	-56.023056	150.93939	41.19602	17.961842	79.66743	-48.530033	630000	-1.449585e-08	588.473	-0.029055024	-16.952026	23.001734	0.009596777	0.1288	19.0	27875.11278438568
126	26.473026	50.57105	65.510666	-54.34399	150.25	40.606556	18.217724	76.59064	-45.150574	635000	-3.3569336e-08	617.3634	-0.027916092	-20.471924	23.007843	0.008827167	0.127	19.0	28043.244817495346
127	23.818634	53.168034	69.3266	-58.42287	154.59375	41.927162	19.914062	89.36302	-59.88145	640000	3.6621095e-08	587.96063	-0.031211155	-10.166443	23.01655	0.010545236	0.1724	19.0	28211.41169810295
128	13.304634	53.34041	67.67087	-55.7694	132.35135	43.229492	20.057302	77.87179	-67.22133	645000	3.0517577e-09	759.04767	-0.027938386	-31.673096	22.983593	0.014042236	0.1506	19.0	28379.96880173683
129	-1.5632441	53.745827	65.18008	-57.606632	117.85714	38.035233	23.148329	78.22511	-65.788216	650000	2.4414062e-08	934.9987	-0.02908139	-73.65289	22.979025	0.010905172	0.1284	19.0	28549.301931142807
130	14.875305	51.850765	64.65399	-54.643764	138.70589	35.723244	23.066278	70.75954	-55.315018	655000	1.2207031e-08	954.3173	-0.02500713	-21.74115	22.952526	0.012409899	0.134	19.0	29042.346483945847
131	19.795216	52.99892	65.220695	-56.185417	126.63158	37.5463	19.434668	70.58033	-64.0426	660000	-4.577637e-09	621.8522	-0.028420428	-26.373657	22.90698	0.008567667	0.1422	19.0	29210.847531080246
132	20.622131	53.2994	68.755516	-55.673508	138.55556	39.029064	19.375607	77.894615	-56.911877	665000	-2.4414062e-08	689.7826	-0.025291577	-10.488403	22.951614	0.0096069565	0.1186	19.0	29379.516727924347
133	6.510241	56.53974	66.54573	-57.06904	112.60465	34.561855	22.592375	73.88287	-50.684254	670000	-4.8828124e-08	841.1243	-0.023483515	-24.90155	22.95525	0.01691224	0.1646	12.0	29549.253481388092
134	0.32110816	54.269302	66.21953	-56.950092	131.40541	33.971184	22.089252	76.09179	-67.68794	675000	4.2724608e-08	986.7463	-0.030901423	-32.643677	22.97551	0.011153152	0.145	19.0	29717.440952062607
135	6.9733057	54.74022	66.500496	-58.027218	109.755554	37.1009	21.858429	83.66284	-57.078175	680000	-1.2207031e-08	706.395	-0.03188215	-11.839844	22.941442	0.014632341	0.1652	19.0	30228.8355987072
136	14.481245	52.663136	64.14892	-55.645763	137.86111	37.909767	18.493029	79.50393	-67.96432	685000	-3.0517577e-09	852.4497	-0.027038507	-13.664795	22.946585	0.009939514	0.1326	19.0	30397.2419962883
137	6.205248	52.05153	64.28424	-55.26032	146.32353	33.757355	22.610485	75.858185	-62.917458	690000	-1.525879e-08	905.2124	-0.02746755	-28.541016	22.943926	0.011520947	0.1426	19.0	30565.520333766937
138	10.971172	56.052734	65.33494	-55.89757	116.14286	33.022114	24.220129	72.43906	-77.22014	695000	-2.4414062e-08	751.3118	-0.025953671	-12.535645	22.930618	0.016477883	0.1544	13.0	30735.091382741928
139	10.905881	54.975746	66.21053	-54.570038	131.10527	32.651943	21.267393	76.55188	-57.63159	700000	-3.051758e-08	775.3048	-0.024511054	-20.747986	22.979858	0.015513275	0.13	13.0	30903.738314390182
140	14.161328	53.634697	67.63414	-56.84964	122.15	34.23173	23.29335	66.478355	-64.04491	705000	3.8146972e-08	604.65106	-0.026715878	-5.989563	22.949791	0.0082680555	0.1374	19.0	31394.36647582054
141	4.803683	56.061237	65.79644	-57.239193	123.375	33.403614	22.575443	66.77403	-69.44458	710000	-1.2207031e-08	834.2449	-0.02395078	-19.871399	22.979195	0.015991928	0.1386	12.0	31563.04921245575
142	11.84442	55.35195	67.79023	-56.609203	119.04878	35.22006	22.818481	72.725395	-69.75053	715000	3.8146972e-08	737.2642	-0.022156034	-8.492859	22.922153	0.015476973	0.1352	12.0	31732.43589425087
143	17.02241	52.00532	66.78029	-54.89181	142.2	38.14268	18.501184	69.0168	-64.45715	720000	-6.713867e-08	655.07245	-0.025608359	-8.710876	22.929136	0.008954506	0.102	19.0	31901.218012571335
144	-1.7468278	54.375523	66.567825	-56.48378	119.39024	33.662945	24.217123	69.22451	-75.43466	725000	-1.0375977e-07	792.1186	-0.028583013	-25.581299	22.929516	0.013617862	0.1458	19.0	32070.176212072372
145	-0.67332935	53.4343	68.61261	-56.165703	146.57576	34.56568	22.824274	70.34019	-88.2212	730000	2.4414062e-08	1028.6906	-0.028993316	-45.87195	22.92123	0.011385952	0.1314	19.0	32574.995443344116
146	24.144299	51.866592	66.11361	-58.87457	146.08824	35.398983	18.784462	70.94438	-62.64427	735000	-2.4414062e-08	554.153	-0.030061195	-12.781555	22.93035	0.0083869845	0.1556	19.0	32743.44508934021
147	34.48966	46.01279	64.75303	-55.067696	170.34483	35.11664	20.445011	69.982124	-80.07109	740000	-3.6621095e-08	791.6628	-0.025411185	-86.7218	22.943409	0.006889415	0.1464	19.0	32911.06827378273
148	31.071764	49.59535	68.19301	-53.694626	141.17143	39.534092	17.372663	73.0908	-62.555473	745000	-2.4414062e-08	494.7575	-0.030546833	-19.797058	22.91621	0.010494297	0.1832	19.0	33079.80944442749
149	19.269365	49.26757	66.06044	-56.92985	171.17857	39.0559	19.14107	81.702805	-58.92292	750000	0.0	926.969	-0.026944946	-16.539185	22.934116	0.008782202	0.1152	19.0	33248.00889086723
150	9.040579	55.112267	67.21191	-56.763805	134.48648	34.5229	21.194195	72.22979	-58.669144	755000	-3.051758e-08	935.0793	-0.018043652	-13.074097	22.930857	0.015046861	0.1404	6.0	33719.24216794968
151	10.466951	53.004715	67.21845	-55.366753	142.87878	36.269745	20.733377	67.821335	-58.448997	760000	1.2207031e-08	975.7184	-0.027421901	-27.877686	22.946692	0.014666352	0.117	19.0	33887.46913146973
152	22.315744	53.614944	68.81886	-55.31151	158.83871	38.800808	17.611755	76.59221	-44.308823	765000	-1.8310548e-08	638.2406	-0.029502923	-16.155823	22.935154	0.013684436	0.1552	19.0	34055.30285978317
153	24.19219	50.829346	65.137054	-56.445274	140.05882	38.050137	16.638662	70.02779	-48.031433	770000	2.1362304e-08	705.0925	-0.02863213	-16.49176	22.924221	0.013016003	0.151	19.0	34223.562371492386
154	6.1794896	52.9331	66.68939	-55.661594	142.65715	37.33638	20.00484	73.12609	-60.54734	775000	-4.2724608e-08	926.2787	-0.028150909	-24.21399	22.912931	0.01199691	0.1232	19.0	34391.95370554924
155	17.152233	49.90021	67.74011	-55.218628	149.9375	39.85021	16.929956	76.00188	-67.266815	780000	-3.6621095e-08	748.4205	-0.026615173	-28.420166	22.932037	0.009974144	0.1424	19.0	34896.4355301857
156	11.65524	52.45515	69.3025	-56.322166	131.13513	34.525837	18.936113	70.52392	-52.11477	785000	-5.493164e-08	734.44214	-0.02536131	-14.328735	22.922771	0.0071267197	0.105	19.0	35065.11315059662
157	8.679127	52.6276	66.06993	-57.52507	136.88889	34.14182	21.285223	69.43235	-66.06763	790000	1.8310548e-08	849.5922	-0.026612442	-17.347107	22.944202	0.0070187086	0.1372	19.0	35233.919526815414
158	33.87572	48.802845	70.9322	-55.734325	144.27272	34.650776	17.795776	73.65377	-62.65186	795000	-4.577637e-09	573.9402	-0.030576099	-63.094696	22.912384	0.012023171	0.1542	19.0	35402.322501182556
159	21.740383	53.270367	66.1622	-58.689808	122.875	33.085255	20.407862	75.95735	-62.905502	800000	5.0354004e-08	719.8071	-0.031952113	-24.673096	22.920107	0.0055680773	0.157	19.0	35571.43383574486
160	13.096448	56.660244	66.059105	-57.451912	126.552635	32.815445	23.156803	75.87253	-65.83929	805000	-1.0986328e-07	612.9643	-0.010373376	-41.779846	22.929735	0.017478753	0.2178	4.0	36073.0931289196
161	24.343748	49.770252	65.77409	-56.38761	147.06061	39.926083	17.558266	75.19913	-67.15989	810000	-2.746582e-08	649.6076	-0.028510949	-9.024963	22.943295	0.007976008	0.1544	19.0	36241.43212175369
162	-1.7494115	56.301258	65.91788	-57.627316	110.6	32.667027	26.002996	77.46318	-68.127266	815000	3.051758e-08	851.4418	-0.025780754	-14.576294	22.910143	0.016023276	0.139	12.0	36410.88207936287
163	20.192272	54.173965	67.43189	-55.74005	142.6	39.80321	18.690813	77.146286	-57.342243	820000	-1.2207031e-08	477.6685	-0.022383874	-7.2507935	22.927834	0.016067147	0.1608	13.0	36579.39332461357
164	12.62136	55.9081	65.238815	-56.313572	119.097565	36.315693	21.300203	74.65993	-64.88428	825000	2.4414062e-08	739.2048	-0.025006542	-24.719849	22.933735	0.015985118	0.1408	13.0	36748.738330841064
165	51.20566	31.691994	68.19064	-54.445908	188.96153	41.152542	16.241198	74.714714	-40.37036	830000	3.0517577e-09	538.4938	-0.025332367	-39.62433	22.895641	0.01039936	0.1482	19.0	37236.76139140129
166	20.729227	53.074566	66.1402	-57.202324	133.75	40.759815	18.517227	84.03784	-64.953995	835000	-4.2724608e-08	671.7143	-0.02950373	-12.8446045	22.898472	0.009654318	0.1364	19.0	37406.36016702652
167	37.88978	45.087746	66.689674	-54.53554	160.41936	44.28076	15.821639	80.166565	-68.58574	840000	-4.2724608e-08	400.14664	-0.024677424	-15.045441	22.92308	0.0088685	0.112	19.0	37576.218576192856
168	28.408615	48.92193	67.15055	-55.2661	153.9375	40.92592	17.161976	87.32323	-44.528645	845000	1.2207031e-08	766.1459	-0.030310092	-10.145081	22.90915	0.011863649	0.148	19.0	37746.18749332428
169	18.959797	54.391018	65.08275	-56.50688	143.73529	41.842224	18.544523	80.843124	-63.40909	850000	-2.89917e-08	792.3236	-0.023489969	-15.398804	22.90349	0.0152185215	0.132	12.0	37916.152000427246
170	15.270158	54.554512	67.652176	-56.82412	128.27026	41.04811	20.177135	82.573975	-53.932976	855000	5.0354004e-08	558.7707	-0.022917794	-9.387024	22.859734	0.017787723	0.2028	13.0	38485.37376356125
171	15.292905	55.0544	65.56001	-56.03111	119.95122	36.596348	22.560015	76.37693	-50.96319	860000	9.4604495e-08	891.0345	-0.0318332	-26.306458	22.847048	0.015550405	0.1714	18.0	38656.71895813942
172	17.609669	54.89791	69.21408	-55.64624	115.54762	40.090847	21.545757	85.91218	-71.58528	865000	3.0517577e-09	574.094	-0.02969296	-37.430542	22.908445	0.013489914	0.126	19.0	38827.883989572525
173	32.297714	45.64295	68.385254	-57.116867	165.66667	44.087387	16.016857	84.318375	-47.482395	870000	-6.1035155e-09	737.2417	-0.026572272	-10.606079	22.851267	0.011923645	0.141	19.0	38997.64145874977
174	12.68203	53.085888	68.15442	-54.468563	145.08824	37.563038	22.103432	75.966995	-67.13725	875000	-7.629395e-09	837.0979	-0.029537179	-16.775818	22.853132	0.007835883	0.1442	19.0	39167.63909840584
175	31.625517	48.360733	67.11998	-57.108818	146.26471	41.406902	18.219957	79.84998	-45.96355	880000	-1.8310548e-08	650.50116	-0.029463671	-15.056702	22.88305	0.009423424	0.1174	19.0	39698.72900533676
176	13.524257	56.202187	64.165886	-55.775322	115.906975	39.294117	19.782625	82.43818	-77.230125	885000	-3.967285e-08	679.7251	-0.028639708	-17.617676	22.888004	0.015764145	0.1382	14.0	39869.76067304611
177	30.828323	49.92215	66.894165	-54.990627	140.31429	41.97066	17.302788	86.9453	-53.669254	890000	2.4414062e-08	610.6695	-0.028948255	-17.69397	22.915129	0.013576924	0.1364	19.0	40039.75345444679
178	23.61864	51.811092	65.72583	-54.846832	138.86111	40.896477	18.933233	80.495094	-37.63907	895000	1.8310548e-08	675.0929	-0.028599067	-17.727783	22.893032	0.01570986	0.1626	19.0	40209.98151445389
179	30.710852	48.528286	67.7689	-57.998634	147.0303	43.12945	17.42839	84.84723	-58.944626	900000	4.8828124e-08	571.20233	-0.029392023	-9.329712	22.89925	0.012229242	0.169	19.0	40380.581070661545
180	35.788757	47.49985	66.06728	-56.49042	138.47223	43.763153	16.789768	91.099075	-72.71576	905000	-5.0354004e-08	384.41174	-0.026281292	-23.001434	22.898848	0.011061439	0.136	19.0	40956.661361932755
181	5.548651	57.325977	66.3473	-56.220222	101.12245	37.87233	24.039337	90.12196	-66.45762	910000	5.493164e-08	862.1776	-0.02684796	-53.51068	22.859842	0.018969946	0.1304	12.0	41128.91025042534
182	16.877972	56.151184	68.62631	-58.443573	113.27273	40.82751	23.145182	81.40739	-62.15505	915000	-9.155274e-09	604.5984	-0.033054315	-25.536316	22.883762	0.015880112	0.1332	17.0	41300.45092487335
183	15.794479	54.477383	65.512505	-56.50182	114.37209	40.794376	21.064686	85.70863	-68.24485	920000	3.051758e-08	637.80725	-0.024407752	-20.792908	22.899284	0.016346896	0.1382	13.0	41472.28609251976
184	28.135286	51.674606	68.192894	-56.13886	117.14286	42.24149	22.040754	87.797966	-75.99868	925000	4.7302247e-08	557.3351	-0.027184397	-11.2473755	22.896303	0.013894936	0.1344	19.0	41645.48355507851
185	17.679697	54.516464	67.35046	-55.860004	116.04878	38.694733	23.663319	68.81363	-74.46238	930000	-1.2207031e-08	559.77594	-0.031683	-23.036743	22.891935	0.012088857	0.1656	19.0	42145.04237437248
186	20.248587	55.66911	69.64194	-57.26177	118.97561	43.201023	21.853224	86.07182	-67.34692	935000	0.0	427.06226	-0.030481482	-8.253754	22.884125	0.010558821	0.108	19.0	42318.28030729294
187	19.902708	53.78507	65.11163	-57.137836	118.975	42.23544	20.950132	78.96333	-74.46375	940000	-1.2207031e-08	437.01535	-0.029898522	-10.399963	22.885702	0.015872858	0.1368	19.0	42491.26483082771
188	22.03083	54.30679	66.914444	-56.40485	129.76315	41.79773	21.773186	80.05493	-64.93675	945000	-1.2207031e-08	478.2657	-0.032046266	-39.997375	22.888586	0.012655393	0.1456	19.0	42663.803454875946
189	14.614484	53.676273	67.30123	-54.88498	131.2973	44.742577	19.776758	86.55814	-60.512463	950000	-6.1035155e-09	621.62476	-0.029455926	-19.20404	22.890717	0.015188363	0.1736	15.0	42836.46378135681
190	27.74534	51.07081	68.905304	-56.475647	152.4375	42.945793	20.280012	81.55702	-66.93113	955000	-4.2724608e-08	600.703	-0.018307708	-12.126404	22.86216	0.0169311	0.1496	7.0	43394.56137394905
191	12.275468	56.678246	66.43455	-54.99885	110.34091	42.76389	23.11129	88.07158	-59.477074	960000	-3.6621095e-08	856.685	-0.031061552	-59.60437	22.857172	0.012448148	0.1324	19.0	43568.145371198654
192	5.836366	54.185738	65.0208	-55.407883	122.125	42.077892	22.127628	83.09852	-71.93609	965000	-2.1362304e-08	1028.202	-0.026918564	-65.22644	22.886799	0.015460815	0.1732	17.0	43740.92443442345
193	31.658548	49.23504	68.31895	-54.81846	136.88889	43.3087	20.035921	80.61779	-84.398705	970000	1.373291e-08	521.0745	-0.022159489	-9.625427	22.885658	0.017694917	0.1514	11.0	43913.36214232445
194	15.648687	56.492542	67.71191	-56.471027	108.91111	39.999126	24.432545	90.05294	-67.89512	975000	-5.1879884e-08	468.5402	-0.030917745	-20.121185	22.88845	0.015736727	0.1726	17.0	44087.17493224144
195	18.716179	53.198082	66.17848	-58.152172	129.92105	40.823257	24.200592	77.184326	-69.88633	980000	0.0	796.2419	-0.027122052	-15.140686	22.865808	0.015733954	0.116	16.0	44618.99869608879
196	31.200993	48.930553	67.34013	-56.37664	137.75	41.75616	19.790197	78.87738	-65.78956	985000	-4.8828124e-08	694.0372	-0.027642233	-24.236694	22.88987	0.011787675	0.137	19.0	44791.68211197853
197	32.260517	48.525524	67.25089	-56.653225	139.71428	41.489536	20.381187	78.009445	-59.03609	990000	6.713867e-08	564.8689	-0.03017398	-19.188354	22.902016	0.011049884	0.1628	19.0	44964.33490180969
198	16.686003	53.42632	66.99541	-56.306675	133.48648	40.86013	22.813099	81.64383	-76.686455	995000	-1.2207031e-08	715.3154	-0.029579729	-10.860657	22.896471	0.013147997	0.18	19.0	45137.214696884155
199	22.554861	51.70879	67.535614	-56.748623	127.74359	43.365677	19.866957	86.01318	-73.510216	1000000	8.239746e-08	672.8154	-0.020110663	-21.35138	22.869019	0.015279622	0.1318	10.0	45310.43011212349
200	20.978996	54.017586	66.78887	-57.503128	119.53658	40.604233	22.366781	86.791885	-83.179985	1005000	4.5776368e-08	422.319	-0.026926786	-8.774597	22.86199	0.016303876	0.1646	18.0	45824.56037926674
201	22.346178	54.53031	68.85349	-57.679306	137.33333	40.9351	19.332592	82.90466	-81.99371	1010000	7.324219e-08	690.80853	-0.029850824	-18.81311	22.899094	0.013102231	0.1606	19.0	45996.60560250282
202	20.709036	54.670216	66.621765	-56.252506	139.47058	38.689278	21.519077	74.1098	-64.860245	1015000	-1.2207031e-08	630.17267	-0.024588011	-20.003784	22.896381	0.016722145	0.1444	13.0	46168.54824542999
203	31.744217	47.04422	68.24636	-55.340046	173.5	39.881725	21.113556	72.90161	-65.41801	1020000	-4.8828124e-08	860.0362	-0.026932541	-43.216614	22.88033	0.0068666534	0.1344	19.0	46339.52223777771
204	35.645336	44.69243	66.43652	-55.769684	153.375	43.913494	16.273407	79.256454	-73.25997	1025000	4.5776368e-08	624.5135	-0.027324254	-22.877014	22.879953	0.006768717	0.1214	19.0	46510.8264901638
205	15.951992	54.183887	67.547	-58.276478	137.16667	42.241005	19.626648	80.14635	-62.62373	1030000	1.6784668e-08	863.6889	-0.027818687	-30.681702	22.873404	0.011884808	0.1336	19.0	47050.43719601631
206	16.96526	55.325577	68.06338	-57.21755	134.43243	38.835983	21.662195	83.33392	-67.37135	1035000	-2.4414062e-08	582.9899	-0.028171826	-13.989502	22.855116	0.01583807	0.1454	17.0	47222.61499977112
207	35.380478	44.540195	66.01333	-53.5148	155.21875	44.142445	15.4391985	80.81933	-54.82398	1040000	-1.6784668e-08	626.75604	-0.028981151	-8.75293	22.900541	0.015009949	0.17	17.0	47394.240280389786
208	34.987663	47.76419	66.23512	-55.490997	137.66667	44.212105	16.987528	73.34478	-63.94986	1045000	-1.5258789e-09	497.69745	-0.024329457	-7.9445496	22.868145	0.010839092	0.1542	19.0	47566.2280087471
209	21.201883	52.70005	64.34948	-55.637905	124.3	39.501568	24.116842	76.340454	-74.595215	1050000	-3.6621095e-08	607.62146	-0.025938867	-26.944336	22.91806	0.010153453	0.1056	19.0	47738.79567480087
210	9.976478	55.868134	65.01461	-58.64063	106.71739	38.17862	23.022182	82.31232	-70.16151	1055000	-1.2207031e-08	775.4419	-0.024902288	-33.865906	22.907347	0.015611636	0.165	13.0	48258.777304172516
211	24.187057	52.03908	66.1999	-53.801403	142.2	41.052555	16.891472	80.62756	-58.880516	1060000	-2.4414062e-08	582.65186	-0.018409869	-20.272156	22.91945	0.015863184	0.1514	9.0	48430.588623046875
212	29.265177	51.662346	67.28568	-55.902077	147.84848	44.115604	17.248117	81.81516	-55.24448	1065000	-6.103516e-08	365.92795	-0.025268774	-6.530548	22.84979	0.012402356	0.1782	19.0	48602.37508416176
213	24.62069	50.890614	68.17386	-56.565792	130.05263	43.876827	18.467377	88.61472	-60.328506	1070000	0.0	626.1579	-0.030764611	-8.788818	22.894691	0.012533707	0.1704	19.0	48774.503333330154
214	24.405151	51.943542	70.698456	-56.409626	154.12903	43.59075	16.80258	74.61946	-59.14914	1075000	1.8310548e-08	636.9061	-0.026866663	-18.893555	22.863268	0.006318338	0.141	19.0	48946.12127017975
215	17.263771	54.08542	68.17066	-55.716694	138.27777	41.00839	18.748575	84.212875	-54.156628	1080000	1.2207031e-08	681.0702	-0.02923473	-15.599304	22.844538	0.009546931	0.1278	19.0	49461.83013987541
216	36.519867	45.045456	67.704155	-56.061302	155.59375	41.485443	18.95397	75.82501	-61.155914	1085000	6.1035155e-09	515.5993	-0.027482113	-23.590515	22.844028	0.0101598445	0.1628	19.0	49633.48359942436
217	32.605263	50.222992	68.18462	-58.15017	132.27777	43.36555	17.469303	79.35664	-77.75904	1090000	7.6293944e-08	325.36157	-0.028045734	-21.265045	22.867887	0.008559795	0.1262	19.0	49805.689910411835
218	32.666367	47.700657	65.02061	-59.272312	141.11765	43.72758	16.992706	83.36583	-57.614914	1095000	3.3569336e-08	529.3948	-0.031204218	-21.438568	22.903278	0.009876636	0.1522	19.0	49977.614557266235
219	18.428911	53.67471	65.49837	-57.133217	134.8108	44.43802	18.466173	83.74416	-57.824524	1100000	1.2207031e-08	815.62115	-0.031942945	-26.311584	22.861378	0.011736971	0.1238	19.0	50149.92171168327
220	33.00476	50.12466	66.62684	-56.118454	136.33333	43.988235	18.317377	81.306625	-62.872303	1105000	-4.5776368e-08	347.3514	-0.032074083	-9.600372	22.890743	0.013063928	0.1516	19.0	50629.775449991226
221	38.63723	44.98918	67.26043	-55.95964	151.6875	45.21908	16.056849	91.809166	-49.756493	1110000	-2.4414062e-08	414.69446	-0.02924455	-22.15863	22.86129	0.009426912	0.1548	19.0	50801.27988100052
222	25.792421	48.73363	65.32168	-53.890835	159.64516	46.96587	14.143152	78.243805	-58.65315	1115000	2.4414062e-08	737.663	-0.028480792	-25.036438	22.81648	0.010117454	0.1546	19.0	50972.40706586838
223	32.81829	47.811672	66.04343	-55.01029	154.6129	46.615383	12.679226	91.6272	-28.718008	1120000	-3.967285e-08	557.0704	-0.02885062	-10.862854	22.863394	0.010034285	0.1526	19.0	51143.81226634979
224	30.035366	48.978874	66.13138	-56.08976	146.69698	41.912376	19.244785	79.14257	-52.344833	1125000	5.493164e-08	557.5603	-0.031030312	-14.894348	22.86344	0.014744879	0.169	19.0	51315.26882100105
225	11.952608	54.92374	66.942215	-55.98393	128.0	41.269188	19.691338	70.242386	-63.467323	1130000	6.1035155e-09	601.58875	-0.028738549	-13.677124	22.847424	0.015560016	0.174	19.0	51814.95597624779
226	9.079234	56.924477	67.350815	-55.859665	117.92857	39.54837	21.147947	80.86992	-64.013626	1135000	3.051758e-08	632.3406	-0.024679936	-16.46582	22.82415	0.01610429	0.1152	12.0	51987.811027765274
227	15.113544	54.721115	67.2104	-56.759846	118.09524	42.213406	18.227242	80.01881	-56.192787	1140000	1.525879e-08	713.02563	-0.027862256	-30.238525	22.806524	0.014971086	0.1628	17.0	52160.816900253296
228	23.701748	52.29293	68.240585	-55.32647	150.27272	39.9969	20.098686	69.647766	-77.33833	1145000	6.1035155e-09	470.3177	-0.027865656	-5.159729	22.856216	0.010942517	0.1532	19.0	52332.75273370743
229	28.8544	48.819386	66.474655	-55.098034	155.8125	41.974255	16.61141	73.6781	-75.3362	1150000	7.93457e-08	536.55	-0.029731587	-5.5109253	22.851622	0.008499557	0.1518	19.0	52504.45819067955
230	26.755915	50.38221	64.325356	-57.967587	146.12122	39.849335	20.329126	75.7494	-77.89699	1155000	6.1035155e-09	697.05457	-0.027258093	-20.48529	22.850012	0.009972241	0.1414	19.0	53021.60078024864
231	28.489578	49.761307	66.40297	-56.074432	140.79411	42.97211	15.989544	76.09726	-63.205082	1160000	6.1035155e-09	657.8171	-0.028188748	-16.987915	22.865396	0.014022681	0.1684	19.0	53193.16209316254
232	27.51591	50.254166	67.196075	-54.857807	149.45454	42.47803	18.371008	72.15423	-59.912403	1165000	3.6621095e-08	561.4318	-0.02803216	-8.639832	22.85473	0.008591081	0.144	19.0	53364.6380238533
233	22.915583	50.715115	66.23755	-56.273746	142.85715	41.970844	18.855225	78.9145	-65.967545	1170000	1.8310548e-08	678.0293	-0.027067216	-19.8125	22.85027	0.011500432	0.1276	19.0	53536.03115606308
234	18.480291	53.28671	66.47122	-57.06466	131.75676	39.993683	22.223316	75.21415	-80.63897	1175000	6.1035155e-09	487.58405	-0.027228406	-4.2183533	22.85263	0.010387191	0.1518	19.0	53707.66354513168
235	34.701435	41.73541	64.76321	-56.30972	191.88461	45.093506	10.870343	81.95973	-40.86978	1180000	-7.324219e-08	925.1	-0.02676675	-39.698975	22.840166	0.009208563	0.115	19.0	54244.883133649826
236	32.13328	49.341763	66.769966	-57.13822	148.06061	41.016495	17.248669	72.377205	-78.92718	1185000	-6.1035155e-09	506.28696	-0.028546698	-10.476044	22.868273	0.009161179	0.155	19.0	54416.6682703495
237	19.036396	56.03002	66.72106	-56.136494	131.1892	39.85817	18.21824	68.895325	-77.19558	1190000	6.408691e-08	665.99506	-0.031196896	-41.33783	22.836561	0.0151054915	0.1548	16.0	54588.68048906326
238	11.048048	56.096672	67.61255	-57.32524	123.2	40.825687	20.176104	84.93148	-71.48479	1195000	1.525879e-08	595.8588	-0.030319765	-31.082153	22.801134	0.012507945	0.1494	19.0	54761.540184259415
239	24.28396	51.714245	67.84038	-54.746212	147.84848	43.56295	17.088001	80.996254	-66.657295	1200000	-3.2043456e-08	471.7535	-0.028461196	-12.789917	22.864115	0.012303688	0.174	19.0	54933.146413087845
240	39.588604	41.38026	65.659355	-54.066917	180.22223	44.51967	15.215694	74.49756	-66.20485	1205000	-3.051758e-08	562.8224	-0.025901392	-15.193298	22.84841	0.0046972875	0.1164	19.0	55463.83774781227
241	12.103821	54.912006	65.1865	-54.747665	127.28205	38.450214	21.950306	75.00419	-60.108555	1210000	3.6621095e-08	777.0316	-0.024239	-14.380737	22.818794	0.016708517	0.1534	11.0	55635.91161823273
242	14.704294	55.579906	67.248024	-57.520573	139.11765	40.234333	20.944332	72.35893	-64.23333	1215000	-6.103516e-08	750.572	-0.031828705	-11.810791	22.867302	0.012294873	0.154	19.0	55807.85528039932
243	31.383211	50.450546	67.210846	-54.469357	158.58064	42.624146	17.957363	77.65492	-65.28133	1220000	-1.2207031e-08	486.61664	-0.02094834	-26.105103	22.836193	0.01582912	0.1414	12.0	55979.10162806511
244	27.23686	50.5997	65.868004	-55.029633	149.18182	42.400814	17.929579	73.23484	-58.829247	1225000	2.746582e-08	638.30743	-0.032106172	-13.043457	22.819025	0.0074396674	0.1604	19.0	56150.55251336098
245	32.913834	49.1142	65.9485	-53.8404	138.63889	44.089336	16.9991	74.232834	-72.431694	1230000	-2.2888185e-09	344.8008	-0.027929071	-17.127747	22.884409	0.01406357	0.1334	19.0	56676.07594919205
246	30.31912	49.339962	64.36314	-54.653954	139.85715	44.05539	20.004057	72.00152	-79.48266	1235000	1.9836426e-08	493.8963	-0.028101647	-14.844666	22.802734	0.012401554	0.1372	19.0	56847.80572581291
247	28.63828	47.090366	66.10258	-53.13651	166.3	44.785477	17.226973	79.72752	-58.706482	1240000	3.6621095e-08	775.5263	-0.02437405	-27.744019	22.838266	0.004785144	0.107	19.0	57019.106127500534
248	33.906075	47.902145	66.51896	-56.009304	159.35484	44.873684	15.275615	71.51115	-67.70324	1245000	3.051758e-08	435.7037	-0.029473407	-5.1447144	22.834654	0.0127612	0.1742	19.0	57190.74894285202
249	17.963694	51.31847	65.61451	-56.03648	144.82353	43.662994	16.038145	76.71744	-45.675083	1250000	0.0	821.83234	-0.028217334	-24.75476	22.850458	0.013570544	0.128	19.0	57363.60908961296
250	28.871117	50.987354	67.89841	-56.698795	132.64865	42.372765	19.280952	76.71679	-74.42692	1255000	-5.493164e-08	564.046	-0.029547678	-5.063904	22.83908	0.013133926	0.1538	19.0	57854.750124931335
251	26.260996	51.708885	68.17862	-57.715286	133.13513	41.71632	17.25761	74.4068	-60.173	1260000	5.493164e-08	602.7604	-0.027918322	-20.845154	22.793474	0.018218115	0.23	15.0	58027.89092564583
252	23.17871	50.263325	65.8869	-56.93604	156.1875	43.377342	16.56172	68.925606	-71.98267	1265000	3.051758e-08	595.45	-0.025457177	-11.475586	22.817883	0.0077771232	0.144	19.0	58200.43235826492
253	21.391052	52.098988	66.19874	-55.43126	153.875	42.12079	18.087236	78.9087	-65.520485	1270000	3.6621095e-08	658.8699	-0.03050001	-9.818359	22.779013	0.010050236	0.146	19.0	58372.74056172371
254	17.51779	51.81705	65.356125	-57.309475	144.29411	41.829983	17.86769	72.012955	-51.78634	1275000	-3.6621095e-08	763.4379	-0.02881914	-31.881104	22.824015	0.014173563	0.161	19.0	58545.592126607895
255	22.512568	52.631683	66.83053	-53.96111	134.24324	42.906425	14.6740465	83.09397	-71.04974	1280000	-8.5449216e-08	538.834	-0.029609447	-8.1866455	22.844831	0.013080182	0.1566	19.0	59067.29062914848
256	22.952122	52.591507	66.00003	-55.95009	153.90625	40.22633	16.355892	73.8804	-55.752274	1285000	2.4414062e-08	598.8184	-0.032347772	-17.840027	22.842388	0.016446292	0.1654	18.0	59236.81162118912
257	39.54544	45.26271	66.49545	-54.644524	151.64516	41.745567	13.80703	74.83138	-60.977104	1290000	9.384155e-08	331.597	-0.028183114	-28.93155	22.838116	0.008780476	0.093	19.0	59406.362577438354
258	20.83889	51.220818	65.915	-56.659107	151.75	38.53782	21.320576	73.57	-69.69004	1295000	-3.6621095e-08	723.1803	-0.028547192	-26.373047	22.793835	0.0076357042	0.136	19.0	59576.07034564018
259	30.888521	44.779324	65.31637	-52.112907	171.13792	42.28653	14.758379	67.98588	-73.06492	1300000	-1.2207031e-08	672.8939	-0.028457897	-14.198547	22.762228	0.008275731	0.1584	19.0	59745.25960326195
260	29.14798	52.869625	66.54863	-55.47737	146.82353	42.098175	18.404976	79.0238	-69.93649	1305000	0.0	457.5781	-0.026590405	-34.65448	22.813734	0.016536048	0.1444	13.0	60227.488159656525
261	40.608475	43.50051	67.02874	-56.993393	165.56667	44.26315	15.297484	78.7145	-70.13901	1310000	-2.4414062e-08	468.88724	-0.028880954	-20.336945	22.792286	0.012317651	0.1998	19.0	60396.78285098076
262	20.814758	53.955418	66.9396	-56.17904	138.25714	43.490227	17.897892	75.5726	-66.03438	1315000	-1.8310548e-08	392.00278	-0.030701067	-8.971771	22.798584	0.009430876	0.1522	19.0	60566.75117492676
263	40.26118	44.523743	66.67659	-54.8609	150.24243	46.425907	15.41277	85.599945	-62.06174	1320000	2.6702882e-08	469.2576	-0.023705337	-15.127838	22.829166	0.018286029	0.1816	10.0	60736.16388082504
264	27.207203	52.038364	66.810646	-55.24908	129.2973	46.08656	14.804207	75.04646	-48.88942	1325000	2.4414062e-08	423.9438	-0.033231866	-10.078796	22.781254	0.014399713	0.1456	19.0	60906.480388879776
265	42.34714	39.09557	67.763565	-53.44241	153.32259	47.672596	15.204456	80.55617	-44.222557	1330000	0.0	473.342	-0.02911228	-11.304749	22.808247	0.01055916	0.1582	19.0	61389.11582183838
266	23.28243	51.426304	65.370674	-57.177105	144.35294	44.482132	16.736105	79.27176	-51.590977	1335000	3.051758e-08	639.3939	-0.02866956	-30.280579	22.747887	0.009880696	0.1538	19.0	61560.03642821312
267	31.413286	48.58013	64.51082	-57.75849	147.15152	45.446514	15.39989	77.688126	-56.05279	1340000	0.0	566.232	-0.02971101	-11.133423	22.759424	0.0143078845	0.18	19.0	61731.37274837494
268	38.450516	41.030106	64.6158	-57.50948	181.33333	44.0736	14.276926	84.77997	-48.987816	1345000	6.713867e-08	636.7154	-0.02749273	-19.035217	22.778912	0.010394502	0.1548	19.0	61902.26960873604
269	18.893923	52.776955	65.55724	-57.64997	146.24243	43.967567	16.529797	73.161224	-55.561752	1350000	1.2207031e-08	791.62823	-0.03252173	-36.25006	22.811094	0.013895594	0.165	19.0	62073.915481090546
270	23.68744	49.233864	65.03435	-57.544884	146.84848	42.50589	15.435377	75.199295	-71.41737	1355000	2.4414062e-08	821.12836	-0.03215643	-15.063049	22.78619	0.015086475	0.1642	19.0	62578.86500763893
271	16.896673	53.08851	67.58647	-56.355328	154.6875	41.308144	16.702494	71.11289	-66.38264	1360000	5.79834e-08	718.223	-0.02924522	-18.331604	22.83208	0.010198488	0.1364	19.0	62750.28101801872
272	32.414707	46.698364	67.75597	-54.729107	175.07143	40.835125	15.8522005	72.38977	-56.433414	1365000	-6.103516e-08	584.2522	-0.027884161	-9.5546875	22.76363	0.009494231	0.1522	19.0	62921.25683736801
273	18.712269	54.762146	68.77041	-55.641685	129.47368	40.377377	17.54612	76.97249	-72.5693	1370000	1.6784668e-08	617.08466	-0.027481142	-19.105652	22.761225	0.016056672	0.156	13.0	63093.67022681236
274	31.33432	48.322807	66.4	-57.19808	166.1	39.929764	14.895954	61.97203	-66.32309	1375000	1.8310548e-08	575.4517	-0.027868513	-31.405518	22.791187	0.0082396	0.1402	19.0	63264.90555405617
275	29.064068	51.68914	66.77393	-54.025394	141.71428	42.09062	14.305363	68.2898	-72.102486	1380000	-1.8310548e-08	474.2313	-0.026594812	-24.406189	22.821419	0.008361429	0.1224	19.0	63765.716703653336
276	17.326555	56.421513	68.7067	-57.53104	137.61111	42.009956	17.169176	77.3963	-59.12024	1385000	9.155274e-09	617.5905	-0.0337187	-47.35559	22.779718	0.015309396	0.1424	19.0	63937.530212402344
277	8.953056	53.011433	66.02729	-57.08622	140.4	41.803143	20.07397	79.46254	-66.860725	1390000	-6.103516e-08	753.5489	-0.025744354	-39.136536	22.802195	0.014497009	0.1284	19.0	64109.55120038986
278	27.22672	49.64241	66.58275	-59.460476	146.97058	42.81965	14.7952385	74.8817	-89.35798	1395000	2.1362304e-08	537.9502	-0.02806643	-7.8657837	22.792313	0.01068415	0.1548	19.0	64281.179003715515
279	29.272043	49.381626	67.46226	-56.22621	161.29033	40.853046	16.542208	77.929016	-76.86777	1400000	3.0517577e-09	563.9479	-0.027554175	-14.296204	22.791279	0.00596731	0.1122	19.0	64452.73850059509
280	23.550123	53.954315	66.46992	-56.838703	122.79487	40.267906	21.498838	79.65077	-92.61127	1405000	6.713867e-08	324.0348	-0.030321106	-20.114807	22.806122	0.009851408	0.1218	19.0	64945.958458185196
281	21.674807	54.14817	67.00641	-58.01213	137.72223	40.79788	18.63491	75.13305	-50.623085	1410000	3.6621095e-08	518.82117	-0.03304262	-19.017853	22.784616	0.014086963	0.164	19.0	65118.17161345482
282	23.07155	53.51072	65.11896	-56.40261	143.76471	40.985886	20.268206	69.70959	-59.337677	1415000	-6.713867e-08	736.6821	-0.029926887	-28.15564	22.80044	0.010576057	0.1762	19.0	65289.96698093414
283	17.737955	52.57683	66.303566	-56.130432	138.77142	41.016445	21.43438	70.64007	-82.84958	1420000	4.5776368e-08	765.9117	-0.03171914	-32.111145	22.794542	0.012954301	0.1964	19.0	65461.859072208405
284	28.92696	49.170357	67.21664	-55.627907	153.71875	44.152485	18.761604	82.84497	-78.10404	1425000	-4.8828124e-08	556.1044	-0.027394824	-15.076294	22.802107	0.013401669	0.1608	19.0	65633.31985592842
285	42.265854	43.228558	68.59807	-57.07962	163.6	44.28328	14.586024	77.01551	-49.85295	1430000	-5.1879884e-08	297.1149	-0.027017513	-16.095184	22.793444	0.013112787	0.1404	19.0	66150.58067178726
286	23.471949	49.648396	65.52375	-55.51466	172.3793	43.582874	15.677332	77.36096	-69.76234	1435000	-6.408691e-08	803.7809	-0.030990519	-11.236694	22.796612	0.011024068	0.174	19.0	66321.98863267899
287	34.822643	48.20694	66.21634	-56.669724	140.82857	43.614258	16.164719	77.33927	-52.556763	1440000	-1.2207031e-08	362.4267	-0.029777685	-16.810455	22.75763	0.012314158	0.1422	19.0	66494.02853274345
288	34.243484	47.44812	66.72229	-57.56056	138.47223	44.208336	16.573818	78.563194	-74.90652	1445000	0.0	516.0383	-0.030253036	-16.784973	22.78854	0.014532042	0.1892	19.0	66666.96384692192
289	36.090214	47.151962	65.62547	-55.459717	153.65625	43.936333	17.560522	83.53755	-49.311058	1450000	8.392334e-08	428.66714	-0.031698316	-24.633057	22.775444	0.0074413633	0.1394	19.0	66839.49835300446
290	27.614265	51.755375	67.40516	-55.89595	139.57143	46.50171	17.520475	98.15171	-71.88087	1455000	-1.525879e-08	654.754	-0.031815145	-23.27771	22.809078	0.011055934	0.1396	19.0	67346.3544845581
291	21.832222	53.787277	66.59638	-56.94588	136.05556	44.659435	18.598621	88.46846	-52.24948	1460000	-3.6621095e-08	634.6901	-0.02975648	-24.806396	22.790537	0.016510336	0.1328	14.0	67519.3160583973
292	18.462763	51.695896	64.95415	-57.249226	144.35294	43.420055	20.15329	75.55002	-68.31327	1465000	-6.103516e-08	664.11835	-0.027987903	-38.491272	22.794523	0.01169813	0.1792	19.0	67692.15062141418
293	16.392899	56.751877	69.021706	-59.34278	133.16667	43.042244	21.574945	81.57139	-71.635735	1470000	3.0517577e-09	439.8979	-0.020946018	-18.490784	22.826847	0.017457657	0.1474	10.0	67865.23300027847
294	24.106113	52.174606	66.3695	-56.045856	148.06061	40.682648	20.30826	72.31412	-69.71224	1475000	-3.3569336e-08	626.4799	-0.026778702	-16.737244	22.803295	0.010414901	0.1414	19.0	68037.81936264038
295	32.46387	48.954052	66.846596	-58.076004	149.90909	42.74141	17.550137	69.41154	-75.8722	1480000	6.1035155e-09	544.6376	-0.028969219	-18.73352	22.790264	0.016316704	0.2144	17.0	68525.6003715992
296	26.444382	52.51235	68.01772	-56.947517	141.14706	43.074005	18.882557	94.678116	-59.72813	1485000	2.4414062e-08	706.65125	-0.032988757	-26.391113	22.80109	0.011772774	0.1486	19.0	68695.5947778225
297	21.473986	53.285378	65.1012	-56.356327	134.43243	43.466675	20.102655	80.12805	-75.462555	1490000	2.4414062e-08	593.2416	-0.032707486	-21.112549	22.794449	0.01025665	0.1654	19.0	68866.33925580978
298	24.463324	52.7424	66.27677	-56.734905	150.60606	41.70443	18.526558	80.114006	-65.51827	1495000	4.6539306e-08	711.92303	-0.026082294	-13.684204	22.77207	0.015995067	0.172	14.0	69036.52355861664
299	33.708958	45.992958	65.842834	-56.084316	166.46666	42.963158	16.718975	73.374535	-57.778984	1500000	-1.2207031e-08	584.9454	-0.026922625	-7.6243286	22.795515	0.004156332	0.1356	19.0	69206.31608963013
300	34.507263	46.203903	65.53969	-54.458023	163.23334	42.29107	18.281164	75.69165	-79.32779	1505000	-4.8828124e-08	625.22754	-0.028453344	-21.556763	22.784952	0.007955988	0.1246	19.0	69715.2565009594
301	27.801907	50.217026	66.15032	-54.447193	151.12122	42.2323	19.491682	76.406876	-75.72487	1510000	-6.1035155e-09	591.39923	-0.028739585	-14.752441	22.766703	0.016780792	0.186	14.0	69885.22920632362
302	33.83017	47.28547	68.0175	-55.509018	153.53125	45.033394	15.795322	87.28707	-75.66634	1515000	5.493164e-08	438.3006	-0.031238494	-4.5266113	22.76629	0.011583673	0.1604	19.0	70055.3749370575
303	22.312765	53.08767	65.02265	-57.00013	115.666664	44.197884	16.688768	79.52607	-62.502613	1520000	3.6621095e-08	320.64566	-0.029900122	-13.40033	22.774046	0.012418025	0.1448	19.0	70226.65692830086
304	26.403343	52.35334	67.98726	-55.058346	136.27777	44.18243	18.037209	72.62188	-74.53338	1525000	-3.051758e-08	344.5451	-0.029577356	-21.795227	22.799376	0.011658676	0.1514	19.0	70396.75773596764
305	18.662916	53.21876	67.148994	-55.418205	148.90909	42.12977	20.8177	77.62398	-72.29433	1530000	-6.1035155e-09	546.40356	-0.027444761	-22.35199	22.761837	0.016389217	0.1454	14.0	70865.25326728821
306	39.353687	45.814186	69.80681	-54.47157	166.1	43.78566	17.419062	84.708626	-38.951214	1535000	-6.103516e-08	641.4865	-0.030445892	-37.23651	22.772459	0.010614249	0.1394	19.0	71034.77467679977
307	17.42476	54.407894	65.4505	-55.180927	147.66667	42.50974	21.43857	71.32301	-89.46712	1540000	-2.4414062e-08	567.2111	-0.03265521	-12.103455	22.781738	0.011537577	0.1722	19.0	71204.86260843277
308	12.387153	57.16065	68.32085	-57.2262	112.65909	43.299892	22.2844	78.18102	-88.64823	1545000	-4.4250488e-08	416.17	-0.032422133	-21.02774	22.764229	0.012191889	0.156	19.0	71376.47551131248
309	19.683292	54.666397	67.606476	-56.30174	136.77777	44.61862	18.275833	82.706535	-66.23514	1550000	-9.155274e-09	567.9569	-0.033711813	-15.237122	22.804203	0.012796818	0.143	19.0	71547.12927794456
310	32.18486	49.976738	68.063385	-55.324444	137.2	45.906654	19.344818	83.242195	-73.876724	1555000	-3.0517577e-09	343.75766	-0.027803328	-17.719574	22.816063	0.0090778265	0.1182	19.0	72075.21724367142
311	14.25936	50.991055	65.22123	-57.470257	153.21875	45.07881	21.417135	88.65453	-68.226585	1560000	-3.6621095e-08	1186.5609	-0.031777844	-110.91333	22.79215	0.010266023	0.1324	19.0	72244.9890036583
312	28.380833	51.807156	68.79363	-55.16218	155.625	43.747578	20.239765	75.361824	-80.52592	1565000	7.8582765e-08	465.53284	-0.027500894	-6.276123	22.80419	0.013674548	0.1514	19.0	72414.80113458633
313	27.546284	49.578114	68.80003	-56.1746	155.41936	44.666782	17.399042	73.13691	-90.394806	1570000	9.155274e-09	530.38745	-0.028933087	-15.014465	22.797907	0.012761844	0.1506	19.0	72584.66004800797
314	19.601278	52.886333	69.99406	-54.384098	150.24243	43.543594	18.93595	77.1439	-67.41594	1575000	-2.1362304e-08	678.3644	-0.029395578	-15.061707	22.791132	0.0074144267	0.1514	19.0	72754.7479827404
315	16.744963	53.59662	68.97953	-57.45487	141.70589	41.424137	20.255375	78.14561	-67.44546	1580000	5.79834e-08	575.678	-0.031154409	-14.088501	22.780243	0.01074182	0.1534	19.0	73267.15207362175
316	25.485632	53.487938	66.42195	-56.35046	138.31429	41.37698	18.979895	67.969215	-68.116066	1585000	-1.8310548e-08	396.8586	-0.03244713	-35.86551	22.812351	0.010515335	0.1706	19.0	73437.30411028862
317	31.385391	49.540657	67.28091	-55.91203	149.5625	43.084167	18.443026	70.42614	-57.94819	1590000	-2.4414062e-08	528.6679	-0.026520114	-27.371063	22.786034	0.0116667235	0.1518	19.0	73607.33527517319
318	16.894156	54.773678	66.59431	-55.09259	139.74286	41.640186	22.526423	76.17974	-74.46782	1595000	3.0517577e-09	683.8558	-0.028988615	-42.0849	22.790989	0.010356707	0.1218	19.0	73777.68069291115
319	31.094664	50.181267	66.19206	-54.39437	142.65715	44.785423	17.802996	76.037766	-76.90846	1600000	-3.3569336e-08	347.3659	-0.025571024	-7.255768	22.758938	0.011368183	0.1426	19.0	73948.2943019867
320	26.24897	50.85851	65.30492	-58.54631	146.87878	45.50965	19.018463	73.04994	-69.95992	1605000	-4.2724608e-08	529.0472	-0.027081048	-15.3974	22.818615	0.015693972	0.1398	17.0	74432.90253472328
321	43.62626	40.764187	65.41327	-54.111633	148.60606	44.557587	16.29119	72.84897	-68.43176	1610000	1.373291e-08	334.27994	-0.026522566	-27.6391	22.799429	0.012081329	0.1354	19.0	74603.9889087677
322	29.466286	49.49864	65.82683	-53.218716	154.51613	43.89585	19.415537	73.47147	-90.20722	1615000	1.8310548e-08	377.9356	-0.012015906	-13.274658	22.732124	0.018210888	0.1886	5.0	74775.4381377697
323	12.908106	55.675095	68.26589	-58.389015	131.16216	44.944466	20.191616	77.09888	-70.47364	1620000	6.1035155e-09	511.48605	-0.029152552	-18.904053	22.76763	0.013645839	0.166	19.0	74947.87155747414
324	12.715643	52.79922	67.15994	-56.60021	149.65625	41.413513	19.558609	82.15888	-83.31057	1625000	1.8310548e-08	959.421	-0.030359711	-28.56543	22.758331	0.009354831	0.1626	19.0	75119.41850781441
325	15.74406	52.38178	67.19948	-55.970345	143.26471	42.6287	18.98196	72.82726	-81.427284	1630000	-5.1879884e-08	754.5106	-0.028718576	-28.967896	22.744703	0.012868852	0.1676	19.0	75607.23915195465
326	16.29901	52.952095	69.2197	-56.14496	144.44118	39.13396	21.281715	67.47787	-76.60811	1635000	-8.5449216e-08	850.9661	-0.029072132	-18.546814	22.7814	0.011743268	0.1254	19.0	75779.0487344265
327	26.04208	48.72446	65.55557	-53.591476	158.83871	40.411945	17.928461	71.29235	-88.63087	1640000	-6.1035155e-09	758.99255	-0.025023349	-22.639832	22.769838	0.018606666	0.1572	12.0	75949.30129790306
328	18.151129	55.21746	67.29233	-56.12384	128.42105	35.79204	23.885828	66.835396	-86.69675	1645000	4.119873e-08	589.31274	-0.029790495	-22.9068	22.75628	0.013245341	0.155	19.0	76120.46897959709
329	12.961493	53.95786	67.93467	-56.19208	132.11111	38.81914	19.508127	71.43742	-84.55435	1650000	1.5258789e-09	815.72284	-0.02934573	-38.460632	22.762806	0.008243152	0.1476	19.0	76290.86223983765
330	18.1627	53.1034	66.12478	-55.39406	152.78125	39.755505	18.29067	66.02979	-88.06968	1655000	-1.2207031e-08	679.3866	-0.028747626	-7.5811768	22.750277	0.015334844	0.1666	17.0	76791.38694906235
331	24.910707	52.178684	67.00401	-54.402985	138.61111	38.277008	21.841997	76.08091	-83.617584	1660000	-2.0599366e-08	560.2111	-0.02528427	-30.413208	22.766754	0.014869589	0.1968	13.0	76962.7238278389
332	21.976725	53.572918	68.5865	-55.724754	146.60606	39.5045	20.661676	66.54693	-77.338974	1665000	-2.4414062e-08	448.8386	-0.030127633	-26.046783	22.757418	0.015977465	0.178	17.0	77133.18320846558
333	26.68153	49.781063	66.215866	-56.22118	166.2	44.416138	14.705018	76.051544	-78.45875	1670000	0.0	577.1002	-0.030271081	-7.9213867	22.778711	0.011069565	0.1752	19.0	77304.43472647667
334	12.861448	52.88314	65.69742	-56.06348	155.46875	39.386856	21.277905	68.159	-85.00644	1675000	-4.5776368e-08	1000.5244	-0.031069249	-33.113403	22.74679	0.011567246	0.1344	19.0	77476.64624452591
335	14.433331	55.2901	65.74156	-57.443253	129.5	38.699474	21.05109	70.69197	-84.75006	1680000	-4.8828124e-08	647.3863	-0.02918131	-23.228333	22.757946	0.015539602	0.1486	15.0	77938.36659193039
336	35.524574	48.62607	67.12055	-54.76393	164.63333	41.49897	16.436003	69.92824	-61.888954	1685000	6.17981e-08	507.4356	-0.030318458	-57.069794	22.777813	0.012139717	0.1278	19.0	78110.891040802
337	12.085782	54.97558	65.13627	-55.453365	123.51282	42.084473	19.312973	76.687874	-64.84011	1690000	-1.8310548e-08	691.2077	-0.03143208	-7.2122803	22.77935	0.013474641	0.1474	19.0	78284.40990447998
338	29.42351	51.165955	66.55521	-54.846107	137.55556	42.488445	18.898758	73.381165	-95.165115	1695000	-1.525879e-08	513.6097	-0.033515975	-20.72528	22.771814	0.009032782	0.1158	19.0	78458.23060631752
339	27.51633	49.246983	69.057594	-55.528	171.78572	44.983532	18.15875	76.03816	-80.07227	1700000	2.4414062e-08	701.3674	-0.029557843	-17.106018	22.764627	0.007344793	0.1494	19.0	78630.2549276352
340	11.392271	54.130306	66.283066	-54.899296	138.71428	43.049973	18.87431	69.84409	-80.45191	1705000	0.0	896.7556	-0.028225653	-71.7182	22.82432	0.016783096	0.1554	14.0	79133.77278923988
341	24.758	49.304737	65.15538	-53.845734	147.15152	42.076675	17.264431	68.40438	-83.12465	1710000	5.493164e-08	653.9399	-0.031228356	-8.361389	22.791477	0.005849825	0.1366	19.0	79306.71587514877
342	18.283535	53.33681	65.44474	-56.736748	129.60527	40.001945	19.954506	64.06551	-84.15098	1715000	6.866455e-09	537.6767	-0.026445787	-7.6294556	22.804497	0.015205913	0.1798	16.0	79480.65809130669
343	30.4871	48.108887	68.89209	-54.98066	166.06667	39.58436	18.33679	61.825058	-76.856895	1720000	-2.4414062e-08	676.13617	-0.03112301	-26.736023	22.752089	0.013951741	0.1684	19.0	79653.45748925209
344	25.339214	52.608627	69.52625	-54.975998	145.09091	40.206596	19.708042	72.4807	-79.0698	1725000	-3.2043456e-08	354.6692	-0.02958624	-15.818481	22.75983	0.011265219	0.114	19.0	79826.5314514637
345	27.925371	50.527367	66.449234	-57.40355	144.41176	40.29609	19.978567	74.440994	-62.256645	1730000	1.2207031e-08	508.43994	-0.03345894	-13.06839	22.722109	0.011574604	0.1544	19.0	80305.20169329643
346	19.005846	54.723507	64.925354	-57.74333	126.82051	40.306183	19.577007	70.14366	-74.22689	1735000	7.019043e-08	677.1349	-0.032954495	-30.078186	22.755144	0.006154657	0.1992	19.0	80478.59344673157
347	26.164232	51.025845	69.65937	-56.077465	150.21213	41.659492	19.198023	74.55671	-78.02994	1740000	3.0517577e-09	559.67505	-0.029876659	-17.369568	22.751667	0.009231651	0.155	19.0	80653.48269510269
348	24.555927	52.15865	65.725845	-55.393993	149.90909	41.956463	18.742678	70.7865	-86.494026	1745000	-1.2207031e-08	623.273	-0.032894842	-7.1574097	22.78345	0.012249736	0.158	19.0	80828.45565700531
349	51.223034	26.712183	67.487045	-54.72521	195.92	44.077076	12.6618	66.05077	-52.676918	1750000	-4.2724608e-08	460.8785	-0.026250781	-15.776764	22.76163	0.011515147	0.1652	19.0	81001.12358546257
