Epoch	AverageEpRet	StdEpRet	MaxEpRet	MinEpRet	EpLen	AverageVVals	StdVVals	MaxVVals	MinVVals	TotalEnvInteracts	LossPi	LossV	DeltaLossPi	DeltaLossV	Entropy	KL	ClipFrac	StopIter	Time
1	-25.016127	30.849682	12.59956	-55.75471	153.74193	0.24823251	0.4237698	2.591573	-0.1796456	10000	9255.0	315.5901	0.0	0.0	0.0	0.0	0.0	0.0	182.63553476333618
2	-22.21449	31.494675	11.953198	-57.975956	166.66667	-0.08554012	0.26276168	0.74671435	-1.3743029	15000	1133.9774	270.6153	0.0	0.0	0.0	0.0	0.0	0.0	365.1854498386383
3	-31.733	29.794535	11.974033	-57.48813	128.86487	-0.6471292	0.8577066	0.50348985	-4.802898	20000	1134.0569	432.00186	0.0	0.0	0.0	0.0	0.0	0.0	548.9032547473907
4	-31.938383	29.379395	12.391276	-56.671303	125.89474	-1.5390099	1.875711	-0.10709008	-10.93099	25000	908.636	368.06683	0.0	0.0	0.0	0.0	0.0	0.0	732.2128760814667
5	-45.750595	20.894659	11.958777	-58.84376	80.59677	-4.1909504	3.431521	-0.17348899	-19.564651	30000	3535.8508	814.3679	0.0	0.0	0.0	0.0	0.0	0.0	1215.7418313026428
6	-41.136433	24.431612	11.481112	-58.07669	100.81633	-8.562118	5.0673018	-1.6151692	-29.789242	35000	2683.0305	578.2723	0.0	0.0	0.0	0.0	0.0	0.0	1409.9925663471222
7	-24.669428	31.31969	11.75374	-58.65024	160.2	-9.421735	6.142102	-2.2224889	-38.081318	40000	1321.3827	246.36023	0.0	0.0	0.0	0.0	0.0	0.0	1602.4738457202911
8	-32.282623	29.321081	11.737588	-57.47802	128.3158	-8.624108	7.54408	-1.2273682	-35.91554	45000	1304.7963	242.51575	0.0	0.0	0.0	0.0	0.0	0.0	1796.7331941127777
9	-20.962357	31.501215	11.208635	-59.23484	177.64285	-7.40064	6.5446606	-0.70316935	-34.35505	50000	1200.9541	217.53462	0.0	0.0	0.0	0.0	0.0	0.0	1994.5080604553223
10	-26.296368	30.910168	11.872297	-56.516434	154.375	-6.378363	7.166327	0.015633855	-43.8627	55000	895.3265	242.86105	0.0	0.0	0.0	0.0	0.0	0.0	2714.1945431232452
11	-33.973114	28.45049	12.189076	-57.266434	129.78947	-7.8181157	9.070457	0.45258406	-55.238373	60000	1257.3265	333.84982	0.0	0.0	0.0	0.0	0.0	0.0	2913.8812630176544
12	-28.682825	30.87106	13.5458355	-60.487076	142.0	-8.219759	10.603084	0.42680895	-48.954975	65000	785.374	247.46602	0.0	0.0	0.0	0.0	0.0	0.0	3112.490581512451
13	-26.914494	30.91726	11.858208	-59.77934	155.0625	-8.418636	11.153417	0.7961843	-65.62499	70000	1207.7336	260.02133	0.0	0.0	0.0	0.0	0.0	0.0	3310.379662513733
14	-19.874792	30.637953	12.92449	-55.06611	178.57143	-5.147987	8.835413	1.2769616	-62.300446	75000	1027.4213	161.74983	0.0	0.0	0.0	0.0	0.0	0.0	3508.1940789222717
15	-33.935837	28.881662	12.412256	-60.254467	119.17073	-6.9007187	10.601462	1.851317	-56.412846	80000	1109.8087	272.1914	0.0	0.0	0.0	0.0	0.0	0.0	4138.209919691086
16	-29.802345	29.748428	13.890307	-56.766365	134.7027	-5.7727613	10.418829	2.1685796	-55.331978	85000	918.3155	214.6567	0.0	0.0	0.0	0.0	0.0	0.0	4332.499017000198
17	-38.17574	27.357027	12.664543	-58.72019	105.6	-8.059047	13.88964	2.8086958	-70.47759	90000	830.61633	255.50618	0.0	0.0	0.0	0.0	0.0	0.0	4528.531049251556
18	-22.447575	30.575876	12.96242	-55.71978	169.67857	-6.6128016	11.709878	2.3859391	-60.170418	95000	791.6369	162.87834	0.0	0.0	0.0	0.0	0.0	0.0	4720.469117641449
19	-33.49128	28.933443	12.506428	-59.884426	124.7	-6.799475	14.367599	3.2601173	-70.64487	100000	748.1272	201.67332	0.0	0.0	0.0	0.0	0.0	0.0	4913.490045070648
20	-28.531628	30.430443	10.938636	-57.692066	144.5	-5.7318335	14.133183	3.5991478	-89.07593	105000	780.1301	139.14883	0.0	0.0	0.0	0.0	0.0	0.0	5528.535703659058
1	-47.351475	17.959164	5.8665137	-58.957623	94.196075	-15.5801935	12.765145	3.7647061	-75.84127	10000	-1.6784668e-08	751.95184	-0.041766874	-260.83054	28.524734	0.008716151	0.1508	79.0	5704.811545848846
2	-39.26805	25.832043	13.477729	-58.02074	109.68889	-23.142351	15.654929	2.060256	-83.797035	15000	1.8310548e-08	436.02805	-0.04411969	-98.72461	28.48298	0.012437345	0.1468	79.0	5877.957295417786
3	-34.003986	27.888885	8.684613	-60.2225	130.47368	-15.872656	12.798194	3.310666	-75.298805	20000	0.0	340.32785	-0.04517716	-58.271637	28.455866	0.0112889055	0.1744	79.0	6050.191420555115
4	-37.382095	26.410961	9.829051	-58.547268	134.11111	-12.967281	12.963553	4.8379107	-65.12595	25000	3.3569336e-08	429.2727	-0.043021515	-35.605957	28.410582	0.00904043	0.1646	79.0	6222.226966619492
5	-42.1427	23.488869	14.902191	-58.594578	103.270836	-17.962809	15.779054	4.053869	-92.92269	30000	-9.155274e-09	476.2601	-0.04375188	-45.909943	28.423124	0.011548838	0.1618	79.0	6817.397152900696
6	-33.66765	27.216059	11.593485	-55.51011	127.62162	-15.187468	15.238153	4.2394047	-89.33825	35000	6.1035155e-09	319.6442	-0.048221458	-48.828735	28.4162	0.015049638	0.1852	73.0	6989.741614103317
7	-31.222343	28.289597	7.1592574	-57.9112	138.52942	-9.958848	13.505195	5.305147	-75.95706	40000	-1.2207031e-08	181.1614	-0.04374529	-18.175629	28.381647	0.013214264	0.1424	79.0	7161.639841556549
8	-34.80564	27.615732	12.15842	-57.63481	131.33333	-10.640118	14.654268	6.411885	-58.4516	45000	-1.2207031e-08	327.09833	-0.042958047	-22.058624	28.401812	0.015140641	0.1526	59.0	7333.867557764053
9	-36.539978	27.044048	10.233806	-57.988525	121.92683	-12.216012	15.2904005	5.9359183	-63.353214	50000	-2.2888185e-09	239.43597	-0.04565604	-15.853424	28.383734	0.013294351	0.1692	79.0	7506.573362350464
10	-23.220284	29.1073	10.932652	-57.96239	177.85185	-8.699714	14.306696	6.4005523	-64.81642	55000	-2.4414062e-08	198.05779	-0.045823954	-28.073105	28.32584	0.010088104	0.1742	79.0	8120.367178678513
11	-1.7933717	23.05441	14.570482	-56.97643	258.8421	-3.0028477	9.274266	7.857742	-43.648773	60000	1.6403199e-08	162.42284	-0.04024307	-47.607758	28.313847	0.008357691	0.1704	79.0	8289.729041814804
12	-21.536695	29.713947	12.868746	-57.238003	177.75	-1.8176082	10.410586	10.056766	-50.08144	65000	-2.1362304e-08	174.97736	-0.043848816	-15.700836	28.329588	0.009826579	0.1656	79.0	8461.15911602974
13	-33.690098	27.924973	12.462283	-58.158245	122.225	-3.9043903	12.962405	9.110145	-52.10399	70000	-3.0517577e-09	224.45717	-0.04691148	-35.56389	28.26685	0.015065425	0.1592	77.0	8633.901863336563
14	-18.347563	29.94661	13.419719	-60.00742	191.8077	-3.1576166	10.791906	5.9050236	-53.425102	75000	6.1035155e-09	112.64756	-0.043127175	-5.2001953	28.255394	0.008814776	0.1666	79.0	8805.054371356964
15	-21.117437	30.316198	11.330764	-57.604786	171.31035	-4.3046236	12.828807	5.7451506	-57.108463	80000	-2.0599366e-08	130.68767	-0.045549877	-13.005257	28.227959	0.006529613	0.1438	79.0	9428.466596841812
16	-15.373749	29.119772	10.76655	-54.755226	204.125	-2.473089	10.573531	6.6379337	-47.4131	85000	-2.3651124e-08	145.93484	-0.046627395	-10.105606	28.192806	0.0101188915	0.174	79.0	9599.209994077682
17	-23.178	30.049856	11.733249	-56.251476	164.24138	-2.625384	12.476955	7.662514	-54.164333	90000	9.155274e-09	189.76295	-0.04789068	-10.055008	28.16258	0.010295583	0.1634	79.0	9768.09055519104
18	-18.224699	30.353338	12.179838	-57.977066	189.03847	-1.6025715	10.8094425	7.231396	-59.988804	95000	2.1362304e-08	142.60173	-0.045906845	-11.416473	28.160769	0.0098786345	0.1574	79.0	9937.447256326675
19	-6.3838234	26.252848	13.411389	-55.962223	235.5238	-1.3500592	8.859153	7.882406	-44.29876	100000	-4.577637e-09	112.727684	-0.044358715	-32.86268	28.135738	0.008676426	0.1722	79.0	10109.441564321518
20	-11.960121	29.148335	12.896168	-53.417755	207.60869	1.2092174	7.509059	9.481492	-38.970356	105000	6.1035155e-09	112.41261	-0.04177216	-12.371437	28.13445	0.009334452	0.1602	79.0	10773.30257987976
21	-18.008995	30.82692	13.874174	-58.13192	187.0	0.36213672	8.467894	8.346642	-45.80195	110000	-1.8310548e-08	107.29395	-0.045676876	-10.873978	28.090666	0.007508849	0.1546	79.0	10943.323078393936
22	-10.08556	27.793541	11.555214	-54.688347	216.73914	-0.3152347	8.927941	6.6896563	-48.131573	115000	3.5095216e-08	126.44457	-0.04231417	-19.131248	28.144379	0.0123755485	0.1532	79.0	11115.187026500702
23	-17.8073	30.248564	10.829573	-56.90399	187.5	0.46936393	7.2891383	7.113333	-36.830463	120000	9.155274e-09	148.23404	-0.040152766	-11.905487	28.039713	0.008481188	0.1614	79.0	11288.163189172745
24	-7.7958236	26.426308	13.672436	-54.3696	236.85	-0.8051387	7.8626866	5.946695	-38.955025	125000	-3.967285e-08	127.21924	-0.044696778	-11.508453	28.076134	0.007518012	0.1692	79.0	11457.944687843323
25	-13.691582	28.800398	11.836609	-55.02496	208.30435	-0.518647	7.726138	6.982198	-47.070923	130000	-3.051758e-08	114.20806	-0.045955624	-8.840263	28.0201	0.0071267183	0.1728	79.0	12068.928344726562
26	-17.876755	31.081888	13.363804	-55.95494	191.42308	-0.8497498	8.404019	5.402116	-42.006626	135000	-9.155274e-09	164.35443	-0.048350543	-10.47525	28.0233	0.009042133	0.1492	79.0	12236.941863536835
27	-6.802002	25.721157	13.007593	-56.93329	236.5238	0.079180114	6.4202332	5.0251627	-37.672707	140000	2.4414062e-08	76.836975	-0.04182811	-7.120529	28.013138	0.010492748	0.1432	79.0	12403.594072341919
28	-4.0040846	25.24185	14.861332	-60.25032	245.5	0.67441934	5.5090227	5.148444	-33.72218	145000	1.0681152e-08	67.73973	-0.045135472	-7.4302673	27.999084	0.011905401	0.1802	79.0	12570.113331794739
29	-8.700694	27.566433	13.0762205	-58.939926	225.77272	1.1403152	5.920277	7.9859285	-32.958927	150000	2.5177002e-08	104.042175	-0.04065116	-11.73806	27.990059	0.00991862	0.1452	79.0	12737.030069589615
30	-12.6272745	28.290825	13.640768	-54.523674	210.08696	1.2847604	5.363063	7.2701845	-36.87997	155000	-6.1035155e-09	132.96436	-0.044490594	-16.058067	28.000532	0.006009948	0.1532	79.0	13356.359520435333
31	-18.63342	31.710606	13.178887	-57.473976	182.66667	-1.1978261	7.9915814	5.8044677	-43.29438	160000	0.0	150.50912	-0.049724035	-27.774323	27.96663	0.007845014	0.173	79.0	13522.116049289703
32	-12.848813	28.812685	14.181579	-53.821342	207.91304	-0.4338746	7.791367	5.394202	-41.360977	165000	-1.525879e-08	96.039314	-0.04437181	-12.816673	27.973888	0.01032128	0.1542	79.0	13687.275528907776
33	-6.026615	25.76208	12.2664	-53.421906	235.2381	-1.3278145	7.959565	5.028191	-50.908707	170000	-1.2207031e-08	110.1614	-0.04524685	-28.980957	27.952953	0.013927703	0.157	79.0	13852.063898324966
34	-15.259309	30.62533	14.582794	-58.162132	192.4	0.7339108	6.316522	8.407297	-33.043232	175000	2.4414062e-08	119.69408	-0.044188946	-17.382294	27.922516	0.009225262	0.151	79.0	14017.33299088478
35	-17.238966	30.142092	10.449193	-57.658306	197.8	-0.7697746	8.162104	7.6939344	-41.889965	180000	0.0	140.63756	-0.045038782	-14.953079	27.960077	0.00709011	0.174	79.0	14592.140355110168
36	-14.347504	30.302347	13.927258	-56.49373	204.33333	-1.2084227	8.032619	7.2924004	-59.853733	185000	-3.967285e-08	145.23328	-0.045146912	-12.647522	27.913597	0.006630182	0.165	79.0	14757.497373342514
37	-3.6142545	24.426046	14.441318	-52.974304	244.45	0.18978906	6.2770176	5.6547766	-46.493244	190000	6.1035155e-09	51.435867	-0.040846214	-11.508373	27.896353	0.008679822	0.16	79.0	14921.874896526337
38	-4.3432956	24.971525	12.051053	-56.209423	246.1	1.1943524	5.983542	7.995734	-44.95849	195000	4.2724608e-08	58.72528	-0.045710992	-10.152016	27.89718	0.008677892	0.177	79.0	15086.512078046799
39	-8.320886	27.446054	13.572752	-58.135216	225.54546	1.5109695	5.5783653	7.3314643	-44.286354	200000	-1.8310548e-08	68.28374	-0.040677484	-7.274494	27.892662	0.0074127153	0.1688	79.0	15251.606749534607
40	-19.590673	32.245216	36.483555	-55.82889	170.03448	-1.2194854	9.695584	6.9611087	-66.10812	205000	-2.1362304e-08	189.90816	-0.013194022	-19.967575	27.82399	0.018102843	0.118	6.0	15800.909860134125
41	-6.332929	26.13188	14.325382	-54.16936	236.71428	-1.3302289	8.802761	5.178483	-55.931904	210000	-1.525879e-08	131.00613	-0.042250924	-37.189484	27.858109	0.015231656	0.1912	64.0	15965.53792643547
42	-18.538876	30.854984	14.022072	-55.221607	181.2963	0.7900415	7.217153	10.62057	-42.88668	215000	-8.392334e-09	154.32152	-0.045134436	-30.426743	27.794813	0.008108503	0.169	79.0	16131.134903430939
43	-17.495827	29.970203	11.800511	-55.15154	185.46153	-0.5499275	7.4081473	5.773895	-47.705376	220000	6.1035155e-09	100.833015	-0.04275978	-12.459625	27.808002	0.0074285096	0.1758	79.0	16296.478725910187
44	-17.149555	30.328993	12.50615	-57.71745	186.26923	-0.51169384	8.415733	6.301711	-56.370655	225000	0.0	113.427666	-0.044372886	-13.323494	27.837244	0.0094621675	0.1634	79.0	16462.0056040287
45	-9.060329	27.323906	11.079036	-54.78069	224.42857	0.0394698	6.520746	7.0028815	-58.33287	230000	2.1362304e-08	90.5682	-0.04390309	-11.468018	27.81386	0.010843285	0.1632	79.0	16987.633792877197
46	-14.608955	30.182964	12.753754	-57.41525	198.95833	-0.49527314	7.887991	8.845293	-48.359524	235000	-1.373291e-08	128.94287	-0.046008486	-22.63977	27.789228	0.010326839	0.1718	79.0	17152.76103591919
47	-6.033062	26.101263	15.09977	-54.13942	236.5238	0.7575616	5.4947963	10.882468	-42.62284	240000	1.0681152e-08	69.90267	-0.04170045	-9.914978	27.818575	0.01106671	0.1596	79.0	17317.72994494438
48	-14.289655	30.22237	15.001673	-55.510838	203.20833	-0.7032449	7.7933245	6.936058	-50.45972	245000	-2.1362304e-08	109.282	-0.049216237	-16.877068	27.74437	0.0094625065	0.181	79.0	17482.895038366318
49	-22.29427	30.264528	11.597883	-58.656532	171.64285	-2.5781894	10.608519	6.86023	-56.33541	250000	-6.1035155e-09	155.79555	-0.038507294	-23.866974	27.74605	0.0150222415	0.1526	29.0	17648.59373855591
50	-14.637128	29.827955	13.953427	-57.46582	202.75	-2.389655	9.336911	6.457818	-62.946224	255000	-3.967285e-08	151.80632	-0.04961603	-24.415092	27.712156	0.01477177	0.1898	79.0	18228.932882785797
51	-8.014958	27.832212	13.217891	-57.503437	227.4762	-0.93966067	8.439503	9.853401	-55.750145	260000	-4.577637e-09	100.06179	-0.0490376	-21.344376	27.710913	0.014972319	0.1726	79.0	18393.78421998024
52	-12.18362	30.030512	14.368154	-55.34381	209.56522	-0.4340339	8.209329	12.384778	-50.80536	265000	5.493164e-08	117.907135	-0.044456597	-17.36235	27.642523	0.0096119335	0.1656	79.0	18558.9690554142
53	-18.52117	31.164152	18.987803	-55.621696	180.18518	-1.2508533	8.237537	9.843873	-52.31553	270000	0.0	119.65779	-0.04777132	-13.934219	27.644405	0.0065174666	0.1756	79.0	18724.615251541138
54	-6.815506	29.586437	39.473812	-54.565815	224.19048	-1.4835588	9.368164	7.6814613	-54.46767	275000	6.1035155e-09	134.19762	-0.025081908	-23.832115	27.670488	0.016665438	0.127	16.0	18889.22057914734
55	0.02446044	22.568586	14.544529	-52.926277	258.78946	1.5323759	6.2885747	10.758139	-42.577484	280000	-2.822876e-08	86.43456	-0.04370769	-21.818909	27.632185	0.011570494	0.1672	79.0	19497.822444438934
56	-12.9973	29.546375	13.403037	-56.27266	207.04347	1.6896343	6.2774453	13.303485	-39.685966	285000	3.0517577e-09	73.744	-0.04498339	-19.242561	27.61714	0.011386044	0.1642	79.0	19662.707531929016
57	-15.697572	31.127516	15.347754	-58.874912	194.0	-0.25989085	8.499596	9.85884	-50.663773	290000	1.2207031e-08	117.564926	-0.0465833	-16.112343	27.627163	0.014987166	0.172	71.0	19827.89574790001
58	-21.380644	31.333393	15.860411	-57.466656	175.88889	-1.6311644	10.376015	8.801488	-60.63264	295000	-6.1035155e-09	139.36586	-0.051043354	-24.439247	27.596487	0.014457878	0.1898	79.0	19993.71777510643
59	-8.920242	28.128397	12.5854435	-55.68752	230.57143	-2.123543	10.031664	7.8047895	-58.906025	300000	-9.155274e-09	125.87713	-0.03702928	-21.246704	27.611807	0.015085463	0.1942	57.0	20158.494806051254
60	-10.702194	29.563528	15.8291855	-57.308075	221.5	-3.0776453	11.316087	11.214594	-54.947598	305000	3.051758e-08	169.12732	-0.040568687	-37.46112	27.609907	0.015138667	0.1516	45.0	20708.78260064125
61	-14.373664	29.651691	10.958224	-55.36783	199.41667	0.037455566	8.758312	12.532552	-50.510803	310000	-2.746582e-08	89.897705	-0.038034715	-15.412781	27.596003	0.011465015	0.1688	79.0	20874.054359912872
62	-11.092088	31.088049	35.578606	-54.827065	197.6	-0.13143784	7.907677	11.154129	-58.82572	315000	-3.0517577e-09	112.3127	-0.04147437	-30.1773	27.596857	0.008296259	0.179	79.0	21039.332036972046
63	-4.002215	25.196539	13.734063	-55.278385	249.05263	2.1780849	4.9411335	15.031555	-46.916306	320000	-2.5939942e-08	127.05388	-0.04437545	-15.834305	27.628132	0.0073913056	0.1614	79.0	21203.68861269951
64	0.7714207	24.168371	34.531933	-56.748936	252.05263	0.10980762	7.859692	10.454266	-54.613213	325000	1.2207031e-08	111.707085	-0.04443789	-23.411728	27.56715	0.014554827	0.201	79.0	21368.211857557297
65	-3.2713265	24.794456	12.7052145	-54.58045	244.9	2.5931058	5.680797	13.711066	-40.959953	330000	1.0681152e-08	40.754772	-0.042733256	-8.551285	27.555784	0.015092659	0.1772	75.0	21970.713896989822
66	-11.835464	28.443552	12.371834	-56.4305	205.75	1.2371614	6.7056613	13.280284	-46.385063	335000	0.0	43.918644	-0.042667784	-5.3254967	27.527695	0.014413836	0.1692	79.0	22135.869967460632
67	-8.987283	27.249155	14.82316	-54.44454	224.61905	0.9283285	6.0615363	12.183703	-46.808647	340000	-1.2207031e-08	94.94487	-0.044853065	-12.901833	27.542353	0.014153763	0.1788	79.0	22300.646994829178
68	-12.101344	30.095856	36.405243	-52.71337	199.92	0.57743436	5.8281546	12.406047	-41.313847	345000	-9.155274e-09	136.8712	-0.042929355	-24.60344	27.508038	0.0107238935	0.1834	79.0	22466.160828351974
69	-5.96587	26.27696	15.819341	-54.524513	236.42857	-0.24107732	7.135617	17.880377	-43.137943	350000	0.0	69.124435	-0.034977205	-14.503422	27.488188	0.01517876	0.1616	29.0	22630.73933172226
70	-16.59266	30.783596	15.101324	-55.33363	185.65384	-0.08904341	8.992906	21.816523	-67.174675	355000	3.8146972e-08	111.714264	-0.030239094	-26.57428	27.463856	0.015290756	0.1362	20.0	23222.88531446457
71	-6.862729	26.549463	10.193905	-54.428192	239.55	0.22237891	7.879606	13.056886	-90.033	360000	1.525879e-08	91.26848	-0.03825164	-32.175835	27.485537	0.015298514	0.1236	43.0	23387.25873041153
72	-6.17025	26.931627	13.633417	-54.810665	238.35	-0.5649864	8.728968	17.16007	-62.272823	365000	-1.525879e-08	82.134766	-0.045564856	-12.403	27.451391	0.011983574	0.1746	79.0	23551.73526954651
73	-10.300177	29.872162	16.614267	-55.005898	218.04546	-0.96695	9.88633	14.31278	-69.773224	370000	-2.4414062e-08	120.61835	-0.024966272	-27.04181	27.456865	0.015588074	0.1578	17.0	23716.60219693184
74	-2.749166	25.436094	14.027188	-55.023643	248.7	1.977439	5.355018	16.527151	-40.261967	375000	3.6621095e-08	78.1844	-0.043342754	-13.576111	27.486929	0.009666285	0.1764	79.0	23881.235489845276
75	-2.82682	25.992622	36.05948	-57.50802	240.45	1.2749008	6.2406254	17.099398	-61.63674	380000	6.866455e-09	61.407227	-0.03241694	-5.3792152	27.427332	0.015273691	0.1398	32.0	24498.717221975327
76	-12.925376	29.47825	12.496026	-54.535954	199.44	-0.14267854	9.587436	21.254955	-62.479927	385000	-2.5558471e-08	113.1899	-0.031815354	-39.82876	27.399937	0.015735758	0.1534	32.0	24664.138063192368
77	-8.660566	31.163345	37.74737	-58.049835	216.08696	2.8355496	6.54992	22.427046	-51.638382	390000	-9.155274e-09	128.10918	-0.044067327	-34.848	27.43218	0.008282338	0.1822	79.0	24829.20244693756
78	-4.828864	27.745228	13.359441	-57.709507	237.95238	0.7319652	8.339155	13.71209	-53.902504	395000	-3.0517577e-09	101.00562	-0.046063688	-21.713882	27.39136	0.014350836	0.1834	79.0	24994.197811841965
79	-3.9011092	24.733131	11.188364	-56.456047	249.75	2.9307182	5.617909	21.477615	-35.39969	400000	-1.8310548e-08	115.667786	-0.044336744	-22.634483	27.38273	0.010982177	0.1744	79.0	25158.816722631454
80	-10.948866	28.908754	12.714151	-55.224293	216.36363	1.1116152	6.3283587	18.421225	-50.728546	405000	1.525879e-08	107.29129	-0.03846769	-24.761559	27.263494	0.011613982	0.1598	79.0	25672.730329990387
81	-0.20150195	23.258236	11.9729395	-55.44634	259.94736	-0.06446458	6.7496285	12.007403	-52.77856	410000	-9.155274e-09	80.970314	-0.047011804	-15.4815445	27.334538	0.0151347155	0.206	77.0	25837.491083860397
82	-16.395323	30.903873	13.952542	-56.44438	189.0	0.9160883	8.229685	14.096814	-56.217335	415000	-1.8310548e-08	140.7856	-0.04588883	-28.278152	27.31419	0.010018929	0.1972	79.0	26002.919308900833
83	-19.152351	30.195707	11.056817	-59.0258	188.56	-1.6502652	10.203764	14.22031	-70.29945	420000	2.4414062e-08	167.2798	-0.034004066	-40.77353	27.283405	0.016103096	0.1256	20.0	26168.21106314659
84	-0.015301253	23.394123	13.944296	-56.9393	258.1579	-1.4046055	9.723686	15.449389	-72.96155	425000	1.0681152e-08	101.91544	-0.03641277	-61.01711	27.312746	0.015574985	0.1518	37.0	26332.527281999588
85	-7.653653	28.62513	15.84996	-54.801334	226.90475	1.3578786	8.517611	15.9692335	-50.757187	430000	-6.1035155e-09	93.73275	-0.030470408	-14.83194	27.295847	0.01579322	0.1716	19.0	26887.707687854767
86	-10.849651	29.87353	34.917675	-54.981853	201.33333	1.4111928	5.6115546	17.82548	-51.384243	435000	9.155274e-09	119.395386	-0.046305787	-16.954544	27.318354	0.011283126	0.1856	79.0	27052.801505327225
87	2.5270357	19.926674	12.9051075	-55.59591	272.27777	-0.07819588	6.9370146	11.29464	-45.126984	440000	4.577637e-09	84.87304	-0.043478366	-37.39868	27.255026	0.015225203	0.1748	51.0	27217.319162368774
88	-15.788482	31.609287	15.2562895	-58.634872	196.68	1.0698426	7.6370378	20.44204	-49.339046	445000	6.1035155e-09	152.25668	-0.046026118	-60.82164	27.262913	0.012464949	0.1878	79.0	27382.68674135208
89	2.3846374	19.773964	13.222015	-54.5233	272.44446	0.44371295	5.333313	13.848486	-42.095043	450000	0.0	78.29546	-0.042129096	-16.9654	27.238379	0.014420993	0.174	79.0	27547.192239284515
90	-5.597192	25.942429	13.193154	-55.85249	235.61905	2.4241352	4.8690906	14.923787	-36.08058	455000	-2.822876e-08	82.40843	-0.04044771	-12.579636	27.223879	0.009581852	0.1846	79.0	28163.49842596054
91	-5.8738422	26.086185	15.286383	-55.67749	234.0	0.88024396	6.0853233	19.745895	-58.880936	460000	1.9836426e-08	57.701767	-0.04134441	-9.753067	27.1756	0.011006066	0.1936	79.0	28328.3816177845
92	-3.4730885	24.131948	13.090802	-53.97169	247.4	1.1117654	6.092243	19.339043	-53.50427	465000	1.2207031e-08	104.36959	-0.0458375	-32.77265	27.178043	0.014575633	0.178	79.0	28493.04382443428
93	-6.223932	28.851286	40.202305	-53.379074	218.54546	1.5419444	6.409081	17.960718	-52.447353	470000	-1.2969971e-08	85.4554	-0.036166515	-13.40036	27.182194	0.01579588	0.1838	33.0	28657.99030971527
94	-14.298138	29.769983	12.284015	-56.250793	198.41667	2.8301759	5.549549	17.770174	-39.51106	475000	6.1035155e-09	98.96072	-0.04718843	-45.24931	27.187132	0.009715717	0.1704	79.0	28823.1370241642
95	-5.6855087	29.530416	33.026745	-55.80836	216.77272	-0.6431168	7.0105124	16.8212	-51.979748	480000	1.3351441e-08	92.04955	-0.04738733	-17.007568	27.149216	0.014540944	0.1932	79.0	29463.172597885132
96	-12.080614	30.142025	11.746237	-54.630737	208.65218	1.8043718	6.8594365	19.75012	-50.049667	485000	1.8310548e-08	95.41706	-0.043383703	-24.064896	27.194494	0.009949271	0.1752	79.0	29628.4089448452
97	-5.5073833	26.647638	14.32056	-54.614475	235.61905	0.019713916	7.747521	12.697923	-53.155655	490000	2.4414062e-08	95.43697	-0.046512097	-22.083809	27.165674	0.01516712	0.2094	76.0	29793.089485645294
98	-10.64204	29.050714	12.3549595	-55.723972	215.95454	1.8125429	7.75341	19.898901	-76.86746	495000	6.1035155e-09	105.22784	-0.046438456	-25.172966	27.111788	0.008329248	0.1812	79.0	29958.103662252426
99	-13.870908	29.707453	13.657171	-55.55249	196.66667	0.5325868	7.687922	19.378345	-63.444443	500000	-2.2888184e-08	64.15969	-0.04530931	-5.038109	27.129547	0.013869912	0.1934	79.0	30123.28579878807
100	-5.5112505	25.827055	12.783265	-53.709892	236.57143	0.17457266	7.7026644	10.989703	-75.02712	505000	-9.536743e-09	91.07861	-0.042119216	-21.146072	27.12916	0.008325761	0.1826	79.0	30681.01135325432
101	-7.465356	28.832903	15.243795	-55.19757	228.42857	1.639818	7.0910034	17.569498	-67.20212	510000	-3.5095216e-08	133.26279	-0.047564507	-27.648773	27.096506	0.01280335	0.19	79.0	30845.89847111702
102	-6.8953605	28.900793	13.906101	-54.82581	227.28572	0.86969316	6.2133994	13.801312	-55.345367	515000	1.449585e-08	75.506874	-0.03559206	-26.487007	27.10735	0.015260359	0.1508	29.0	31010.432980537415
103	-1.9583122	23.052649	13.485227	-56.67074	258.10526	-1.333315	9.89583	14.367343	-76.93305	520000	2.0217895e-08	96.61837	-0.033816557	-56.06413	27.125856	0.015310792	0.1642	29.0	31174.647854328156
104	-16.367588	31.000639	14.430065	-56.45405	182.26923	1.4722272	8.074399	13.368886	-62.84248	525000	2.746582e-08	67.96903	-0.046311356	-14.56377	27.119268	0.011084911	0.1728	79.0	31340.30338048935
105	-7.236043	30.235218	37.42716	-53.5832	212.13043	1.4583685	7.652742	15.180459	-64.45858	530000	-2.9754638e-08	99.8175	-0.04172121	-11.002396	27.106588	0.015256256	0.178	57.0	31966.469774723053
106	-13.646642	29.246605	12.943873	-53.573967	202.16667	1.926584	7.8436894	16.018774	-62.84639	535000	-6.1035155e-09	92.58085	-0.045846887	-37.13577	27.103634	0.011767955	0.1866	79.0	32131.686384916306
107	-5.0056834	25.755106	12.64851	-58.753353	248.63158	-0.4104752	8.790796	12.743401	-54.824223	540000	0.0	175.28044	-0.0411401	-45.960358	27.101631	0.015534929	0.1698	37.0	32296.176825761795
108	-6.46811	27.436268	15.336369	-59.071476	238.04762	0.49987817	7.3159485	16.27255	-76.425575	545000	-2.5939942e-08	53.45377	-0.04701063	-7.204193	27.093168	0.008401243	0.1954	79.0	32460.89732193947
109	-5.3224487	26.07485	15.359235	-53.94571	232.61905	1.571367	5.7819786	22.046677	-59.16911	550000	-1.373291e-08	37.852	-0.03745482	-10.120726	27.001837	0.015048357	0.1676	55.0	32625.68814754486
110	-3.0926185	24.972038	15.537619	-54.736507	246.25	2.015541	6.4642944	20.070032	-58.66484	555000	-1.1444092e-08	59.03543	-0.03591426	-12.447975	27.035416	0.015472663	0.1636	32.0	33215.52862071991
111	-5.8828206	29.221907	38.414562	-54.53567	222.90909	2.178402	6.074428	17.615368	-48.399532	560000	2.4414062e-08	109.323814	-0.03674383	-19.25045	27.018631	0.01519696	0.1644	36.0	33380.56986951828
112	-17.565315	31.781076	14.549113	-57.0273	180.22223	1.1057047	8.629544	19.155714	-69.11077	565000	1.2207031e-08	147.86147	-0.05271392	-37.88598	27.004066	0.008470445	0.196	79.0	33546.254052877426
113	3.556441	19.695234	16.986263	-53.715885	274.16666	1.5571984	4.7029347	16.852898	-34.153023	570000	-6.1035155e-09	79.20171	-0.043316096	-11.211838	27.010382	0.01512036	0.2024	70.0	33710.822326660156
114	-13.5014925	29.685526	12.856769	-54.13807	200.125	1.1459633	7.6898746	19.617495	-63.22661	575000	4.577637e-09	107.0798	-0.049030278	-31.826538	27.01381	0.012647148	0.1978	79.0	33876.02002668381
115	-17.68647	31.507635	15.284475	-57.880863	189.1923	-0.88256973	9.97107	17.104961	-61.426937	580000	9.155274e-09	91.814354	-0.047397543	-20.61576	26.973845	0.013516533	0.2082	79.0	34429.70033955574
116	-7.97088	29.829325	41.604004	-53.81263	212.17392	-0.03578711	8.350821	10.599347	-81.05737	585000	-3.5095216e-08	93.7929	-0.046470933	-18.909637	26.965425	0.01455417	0.188	79.0	34594.80344605446
117	-12.983907	30.025908	16.161709	-53.04432	200.54167	-0.13674568	10.47236	14.98064	-74.262405	590000	1.5258789e-09	129.92809	-0.024971394	-35.503296	26.932915	0.015466038	0.136	13.0	34759.828793525696
118	-12.175388	29.144865	13.122443	-54.579754	208.52174	1.4361211	8.426364	18.829817	-82.339554	595000	3.0517577e-09	102.088295	-0.021334488	-18.051567	26.923475	0.015721798	0.1338	8.0	34924.61683535576
119	-3.9675882	27.428822	32.317337	-54.513397	229.85715	0.80745715	6.7339168	13.55285	-51.679012	600000	1.525879e-08	85.601456	-0.04655258	-17.960777	26.891417	0.0152490605	0.2206	67.0	35089.4971306324
120	-6.1003804	27.362335	14.375744	-55.975445	240.0	1.8695875	8.147975	16.74415	-74.42431	605000	-3.967285e-08	136.26945	-0.047077354	-22.491142	26.924282	0.015087183	0.189	79.0	35677.43445777893
121	-5.69778	27.57003	16.176992	-56.98343	237.4	0.7020243	7.1970124	17.200886	-53.946472	610000	-1.2969971e-08	68.78429	-0.049074303	-17.612938	26.924356	0.012803444	0.1856	79.0	35842.337270736694
122	6.8239856	13.89022	15.740789	-48.200657	286.2353	0.819423	4.971861	13.680495	-55.93856	615000	-2.89917e-08	59.204063	-0.042853143	-20.039951	26.842726	0.015261891	0.1816	61.0	36006.513213157654
123	-3.5481496	28.01328	33.307014	-55.13558	235.42857	2.380122	6.40441	18.350296	-55.39884	620000	-3.0517577e-09	113.0211	-0.046594568	-11.7733	26.886778	0.015242703	0.2128	70.0	36171.27825546265
124	-16.783232	30.054308	12.465137	-53.58196	185.42308	2.4803853	6.9409175	17.058289	-79.39621	625000	-6.1035155e-09	126.07265	-0.026593205	-52.44162	26.839859	0.015704734	0.1218	14.0	36336.687556266785
125	-1.8286049	26.882082	37.231472	-57.405537	248.85	-0.5016398	8.438798	15.777904	-65.62598	630000	4.8828124e-08	115.91121	-0.045977384	-15.149841	26.86145	0.015316745	0.2026	61.0	36925.272500276566
126	-9.103301	31.14192	37.525093	-57.781364	218.95454	1.3427504	8.629879	19.643032	-76.12528	635000	-2.2888185e-09	179.89949	-0.04260935	-35.30667	26.858871	0.015210599	0.1898	65.0	37090.436975717545
127	-11.48743	30.50182	15.604378	-57.84263	210.0	-1.0281414	10.995916	20.478493	-70.63087	640000	9.155274e-09	135.99174	-0.031514764	-26.563286	26.812313	0.016705684	0.1428	19.0	37255.49290752411
128	0.09281575	22.401949	15.56439	-53.197647	260.5263	1.9306604	6.8208084	14.323311	-86.83983	645000	1.373291e-08	73.14487	-0.040358376	-15.653973	26.81762	0.015160458	0.177	42.0	37419.93142795563
129	-5.459493	25.895742	12.009475	-54.51071	235.09525	1.4912152	6.9917846	16.950672	-44.57147	650000	-3.8146974e-09	104.65294	-0.039001096	-36.56909	26.79992	0.015132632	0.1644	56.0	37584.65972876549
130	-3.383699	25.081776	13.848272	-56.088634	246.35	1.6540141	6.349093	14.907212	-57.548786	655000	-1.5258789e-09	66.09568	-0.02159008	-14.99762	26.827818	0.015870053	0.1876	15.0	38155.15141916275
131	-1.0246911	27.640532	40.494328	-53.192837	248.21053	1.6493323	5.5598426	15.504859	-43.565784	660000	-3.0517577e-09	160.70355	-0.04277866	-25.796478	26.81461	0.015111954	0.1926	72.0	38319.74574017525
132	4.123925	24.868896	37.26283	-52.95051	249.4	2.2988157	6.0719957	19.939667	-48.824356	665000	-2.1362304e-08	108.58122	-0.035113238	-16.482101	26.775288	0.0152114285	0.1806	40.0	38484.48425865173
133	-18.130703	31.492502	14.968424	-58.91391	184.22223	3.1019988	8.250952	19.317547	-50.73732	670000	2.1362304e-08	198.77763	-0.0371655	-79.38991	26.816645	0.014998239	0.1474	31.0	38649.95565390587
134	-3.4464803	28.567408	38.024117	-55.66621	233.80952	-0.23593305	9.404896	13.949153	-81.098526	675000	1.8310548e-08	127.66602	-0.04423291	-39.038612	26.77894	0.015174442	0.1762	50.0	38814.54926586151
135	-14.98137	33.159397	37.79991	-53.282528	169.13792	1.8656131	8.451095	20.828917	-64.690346	680000	3.3569336e-08	177.49466	-0.026826648	-32.902832	26.826168	0.015766343	0.0948	13.0	39356.268693208694
136	-2.2595887	25.361828	14.356049	-53.937744	246.05	3.2595844	7.008613	19.829533	-87.820335	685000	7.629395e-09	46.51991	-0.04575659	-16.20877	26.805	0.009913078	0.1772	79.0	39520.90231728554
137	-3.7091522	28.862709	41.386223	-55.97852	237.5238	1.7523508	6.6101866	16.27645	-42.862793	690000	-1.2207031e-08	142.07208	-0.028651193	-22.32396	26.781412	0.014986775	0.1666	17.0	39685.673234939575
138	-12.219112	29.457432	12.959333	-57.168633	210.04347	0.49301606	8.458109	13.791174	-65.38432	695000	-3.967285e-08	125.843925	-0.026907727	-17.758003	26.760012	0.016915731	0.146	17.0	39850.435512542725
139	-10.577859	32.871426	39.64114	-58.4055	197.72	-0.8995156	9.169573	15.521646	-55.97542	700000	1.9836426e-08	147.2092	-0.045810238	-24.605614	26.762087	0.015193528	0.2012	57.0	40015.72511148453
140	-4.5413423	27.511507	16.26472	-55.648617	236.90475	0.5263273	9.660653	17.66045	-67.80577	705000	4.501343e-08	88.62051	-0.02140461	-37.373535	26.731178	0.017712893	0.1442	12.0	40624.05058217049
141	-7.3784385	29.03547	16.091108	-54.685833	228.95238	1.2838504	8.499505	15.715528	-67.790146	710000	-1.5258789e-09	103.67075	-0.044413567	-18.919907	26.725016	0.011881573	0.1922	79.0	40788.78410029411
142	-12.73035	30.250092	14.965825	-57.78573	206.43478	0.47111905	10.2385645	14.161553	-88.061676	715000	2.1362304e-08	59.4976	-0.045544658	-10.882439	26.700285	0.0136412885	0.1794	79.0	40953.88608956337
143	-16.349503	32.46827	36.607697	-55.75103	183.81482	-1.3015841	11.949361	17.07952	-72.55498	720000	1.8310548e-08	166.1455	-0.02331082	-22.223694	26.70975	0.017340366	0.1402	8.0	41119.427455186844
144	-10.847486	29.49417	13.909849	-55.31658	209.04347	-0.31058916	10.7099	15.722961	-96.768906	725000	2.822876e-08	101.451675	-0.040054876	-15.136948	26.6897	0.015253331	0.1676	42.0	41284.34679245949
145	-7.3350205	31.167301	40.264835	-56.23626	215.47826	-1.1237128	12.137918	12.276815	-113.13331	730000	-2.746582e-08	119.51675	-0.04433673	-19.443932	26.719412	0.015111293	0.1862	46.0	41891.5226149559
146	-2.9396205	24.049595	13.1475	-52.934074	248.1	1.8488351	6.4249754	15.216758	-53.424168	735000	-1.2207031e-08	75.673035	-0.04308354	-15.07719	26.723919	0.010667364	0.1782	79.0	42056.19574666023
147	-8.069099	32.12288	42.117874	-54.145206	206.33333	0.1037167	10.676829	13.774404	-87.77487	740000	1.525879e-08	152.36462	-0.04017623	-20.116898	26.647179	0.015151634	0.1612	37.0	42221.404947042465
148	-5.4506702	29.670542	42.27251	-57.98625	224.09091	2.418501	7.855292	17.201147	-79.34302	745000	-1.8310548e-08	139.06197	-0.044084955	-40.45674	26.673159	0.015338724	0.2044	79.0	42386.09488940239
149	-0.52699035	23.329626	14.146531	-53.509743	261.3889	3.0159328	6.16799	19.049084	-39.82411	750000	1.2207031e-08	100.53791	-0.047450084	-18.51883	26.669794	0.011589882	0.2078	79.0	42550.269089221954
150	-10.227553	32.633217	39.105972	-56.19266	197.16	0.8126501	8.622447	19.146383	-62.687805	755000	-2.1362304e-08	185.48987	-0.054738667	-22.691055	26.647047	0.014269299	0.2304	79.0	43201.92167234421
151	-6.6466913	31.223742	39.157063	-54.334126	208.69565	0.69587326	8.847342	14.988395	-74.99464	760000	-1.8310548e-08	161.1746	-0.037265044	-11.195496	26.599243	0.015458752	0.1662	25.0	43366.63951277733
152	-13.419303	32.891823	38.15746	-53.247437	188.26923	1.713066	9.1821165	19.163347	-74.52385	765000	6.1035155e-09	227.2011	-0.051221944	-43.92534	26.587147	0.0085067	0.2256	79.0	43532.35278964043
153	-9.298354	31.338713	37.11019	-53.21625	205.82608	2.1189964	8.938153	23.743528	-60.013016	770000	0.0	175.69905	-0.041534632	-37.519577	26.608084	0.0151793165	0.2046	37.0	43697.292595386505
154	-8.829354	33.70591	38.253586	-54.79697	194.64	-0.41240734	12.268269	16.00844	-73.96123	775000	1.2969971e-08	244.5767	-0.041414227	-30.998749	26.582262	0.015433862	0.1694	34.0	43862.770911455154
155	1.4206324	23.924139	34.6284	-53.115387	252.21053	3.6930554	6.8252506	17.943819	-55.050655	780000	-6.1035155e-09	72.46968	-0.047170922	-9.723736	26.59799	0.013838199	0.193	79.0	44458.11003160477
156	-7.1090016	30.376286	35.60286	-55.31417	216.0	4.05825	5.9484286	19.57211	-46.239574	785000	-6.1035155e-09	113.51635	-0.015502581	-18.829979	26.548666	0.015908998	0.163	6.0	44623.28069257736
157	-15.323535	30.05738	13.171666	-55.39267	195.56	1.341042	10.448542	14.928612	-77.31741	790000	-6.1035155e-09	193.33536	-0.023434723	-30.529526	26.509277	0.015808506	0.1822	14.0	44788.81779098511
158	-14.363423	30.254976	13.628289	-57.43689	204.79167	0.12007168	8.415263	16.417412	-66.348885	795000	6.1035155e-09	122.06215	-0.043367628	-38.868065	26.539326	0.015240805	0.189	49.0	44953.93510174751
159	-6.780028	31.7097	40.103294	-55.039623	216.65218	-0.0013425781	8.55816	12.652761	-62.651386	800000	2.1362304e-08	180.49101	-0.04234132	-17.228485	26.53612	0.015672775	0.1948	38.0	45119.060410022736
160	-17.679441	31.731882	15.702218	-56.810658	184.96297	0.20379926	11.1943	15.740538	-82.24677	805000	3.0517577e-09	101.097534	-0.05339595	-26.179077	26.525534	0.009463899	0.214	79.0	45711.985159635544
161	-2.604579	28.937218	35.902912	-55.14731	232.42857	-0.5363656	11.940059	16.7535	-100.92403	810000	-4.8828124e-08	224.18022	-0.032048408	-73.68092	26.495203	0.015505531	0.1542	20.0	45876.656536102295
162	-7.984423	28.53079	16.620775	-54.47176	224.04762	2.524308	7.527212	21.72574	-57.400734	815000	-6.103516e-08	83.64576	-0.034908373	-15.177361	26.457619	0.015466224	0.1592	31.0	46041.47428679466
163	-14.46936	31.283876	38.05102	-55.493427	193.64	1.5502603	8.320856	24.163757	-67.91289	820000	1.8310548e-08	220.13934	-0.028220622	-54.475754	26.480669	0.015958238	0.1514	14.0	46206.40199780464
164	-6.5547857	29.66362	34.8502	-54.734554	225.28572	0.22232363	8.060619	12.044405	-86.60943	825000	4.577637e-09	123.479774	-0.0467481	-11.187424	26.47406	0.010713385	0.1804	79.0	46371.24940133095
165	-8.327375	28.459074	15.272377	-53.240383	213.78261	1.3285165	8.0044985	13.267917	-66.78116	830000	1.2207031e-08	55.916725	-0.03898096	-14.279358	26.441912	0.015555692	0.1804	42.0	46923.77393436432
166	-13.544461	31.191551	15.145463	-57.56951	205.66667	1.0590969	9.884009	15.411706	-65.30077	835000	4.577637e-09	141.94193	-0.04941051	-35.30786	26.434362	0.010755118	0.185	79.0	47089.089886426926
167	-5.5111995	27.974699	36.10553	-52.272686	221.13637	0.47478145	9.914026	15.247585	-73.24419	840000	-3.6621095e-08	94.23956	-0.03678258	-22.615517	26.464941	0.016086541	0.1716	27.0	47253.96881818771
168	-11.887502	29.567167	14.278124	-55.81783	214.73914	1.4834208	8.692557	15.029758	-75.64271	845000	-1.1444092e-08	164.9808	-0.04976181	-52.32702	26.425694	0.009172983	0.2146	79.0	47419.19395208359
169	-5.2563806	27.750774	15.191087	-54.89505	240.3	-1.0595323	9.9884815	11.45866	-66.394424	850000	2.822876e-08	133.49081	-0.052243695	-33.294563	26.418385	0.014130664	0.236	79.0	47583.90830922127
170	-17.243507	34.599464	41.487034	-56.25029	174.55556	-0.76249063	10.342112	17.43356	-65.975266	855000	3.0517577e-09	359.0513	-0.030740619	-45.92581	26.432678	0.015218058	0.1716	14.0	48168.69231176376
171	-15.965079	30.616632	14.842787	-53.53772	187.42308	-0.89108866	10.51486	11.435471	-68.949524	860000	3.051758e-08	122.27506	-0.0502804	-18.024582	26.421694	0.010886929	0.2206	79.0	48334.0548312664
172	-3.2672079	27.521542	37.206303	-54.2373	236.95238	-1.2648214	10.236647	10.385494	-72.166275	865000	-4.577637e-09	162.85664	-0.043343574	-33.46022	26.426994	0.015451097	0.1832	34.0	48498.721987485886
173	-10.701569	31.986649	39.895847	-56.64719	216.60869	0.13745005	9.67299	13.611995	-69.286415	870000	1.373291e-08	237.42316	-0.022131752	-22.657303	26.36765	0.017141828	0.1298	10.0	48663.6466114521
174	-16.477882	33.019302	38.256306	-57.43693	181.59259	-1.2324059	12.507036	13.106159	-93.722565	875000	-6.1035155e-09	152.04265	-0.026676893	-19.638855	26.360338	0.015816431	0.1736	15.0	48829.1284263134
175	-8.374451	30.181948	39.10345	-53.30865	217.36363	0.76972365	9.574178	16.788336	-80.374725	880000	3.3569336e-08	224.70457	-0.029493313	-43.820038	26.388891	0.0160675	0.1228	15.0	49413.83767366409
176	-7.2110248	28.234228	13.02576	-54.69074	223.95238	0.6731576	8.842855	16.808773	-73.535736	885000	-2.1362304e-08	138.0101	-0.049325015	-45.498016	26.396177	0.014102002	0.2042	79.0	49578.549708366394
177	-7.2746162	29.135843	14.094403	-57.86582	227.42857	1.435695	7.291008	13.600007	-47.476364	890000	-2.4414062e-08	117.94875	-0.041855633	-27.347176	26.384178	0.015061775	0.1796	42.0	49743.22674918175
178	-11.035711	30.64122	39.998253	-54.241875	209.95653	0.77555686	8.389287	13.221344	-63.60394	895000	-3.3569336e-08	151.28885	-0.053677604	-18.81372	26.393175	0.015044956	0.233	66.0	49908.32036423683
179	-4.260686	27.124853	14.504347	-54.038994	236.4762	1.5840873	7.2659907	14.589612	-69.92675	900000	-1.525879e-08	59.838337	-0.050717436	-11.616989	26.373388	0.014949841	0.2098	79.0	50073.430475473404
180	-6.2611146	28.04806	13.868577	-52.636436	226.36363	1.016236	8.426542	12.525693	-61.822277	905000	2.2888184e-08	63.849564	-0.0379713	-14.908028	26.338057	0.01559863	0.1698	28.0	50634.6301920414
181	5.6150455	21.143747	39.30255	-51.77079	269.66666	2.1418312	6.95694	16.96556	-38.33979	910000	-2.4414062e-08	135.12923	-0.038956456	-48.995422	26.352388	0.015384946	0.1876	33.0	50799.0520131588
182	-11.324751	29.39843	14.94793	-54.32535	216.65218	3.5108266	6.6789937	17.655472	-44.900623	915000	-6.1035155e-09	237.72125	-0.03619626	-76.96373	26.308819	0.015593558	0.1922	22.0	50963.890578746796
183	-11.402337	34.081993	42.945187	-55.367496	190.57692	0.4183276	8.237495	16.454132	-63.751537	920000	3.051758e-08	246.51198	-0.055707786	-26.851074	26.326462	0.010322024	0.2346	79.0	51129.56557607651
184	-13.479255	30.094135	14.95605	-53.91062	199.29167	1.3066198	8.657158	16.33109	-64.98017	925000	-5.493164e-08	72.80497	-0.052486163	-18.248089	26.35053	0.014524826	0.2332	79.0	51294.979321956635
185	-13.361835	32.667126	37.540413	-54.99485	190.8	0.18322556	11.455136	14.919139	-82.10915	930000	6.1035155e-09	181.18048	-0.03350713	-54.728256	26.346907	0.016054053	0.1348	17.0	51856.49332380295
186	1.1050857	23.488026	15.31412	-54.352722	262.21054	0.6494771	9.317073	12.94976	-87.33925	935000	3.3569336e-08	86.42479	-0.047804948	-20.743462	26.293356	0.015278096	0.1868	52.0	52021.08357620239
187	-5.3732023	29.68804	41.06196	-52.346424	229.57143	2.3156757	6.8804245	15.403174	-60.67139	940000	2.746582e-08	209.33073	-0.052082833	-23.989853	26.298712	0.00815267	0.2326	79.0	52186.2070081234
188	-5.9478884	32.008884	39.06169	-55.00086	214.86957	0.582835	8.385828	14.077037	-63.72917	945000	-4.2724608e-08	151.77377	-0.05136495	-23.746155	26.27115	0.015142926	0.225	60.0	52351.17180299759
189	-2.048895	25.58989	17.179878	-54.815495	244.55	2.8699255	8.108772	17.543854	-61.284485	950000	1.8310548e-08	79.852234	-0.044006847	-33.78421	26.275978	0.015412534	0.1994	44.0	52515.93244743347
190	-5.5089917	29.014055	44.27467	-52.85493	222.90909	3.7746716	5.780588	17.79969	-50.401054	955000	-2.0599366e-08	124.20035	-0.02793092	-34.493134	26.257809	0.015709227	0.1744	16.0	53117.25435376167
191	-1.6654266	25.316116	14.78565	-54.22227	247.05	2.7297218	6.2838078	14.918791	-51.353577	960000	-3.0517577e-09	49.312717	-0.044521738	-6.1341095	26.284607	0.01530007	0.1848	57.0	53281.84844636917
192	-14.200047	31.059246	18.681164	-57.14678	196.56	0.08455637	10.90399	14.213415	-95.209145	965000	0.0	117.41124	-0.02993534	-18.17318	26.241625	0.016572593	0.1254	12.0	53446.87839913368
193	-4.8024745	29.343697	34.14616	-52.889893	223.31818	1.5698766	8.089643	15.141383	-60.693356	970000	-3.0517577e-09	84.62885	-0.038610876	-16.729988	26.265694	0.01550305	0.185	37.0	53611.68415975571
194	4.235187	26.601013	42.81866	-55.648598	254.21053	3.2527626	6.185123	17.576057	-46.58614	975000	-9.155274e-09	141.83578	-0.05033034	-19.200645	26.226353	0.015036853	0.236	76.0	53776.49800682068
195	6.1957197	22.625534	37.78182	-54.728065	273.55554	4.157377	6.572754	16.845842	-47.76487	980000	2.2888185e-09	200.70065	-0.051820785	-38.692535	26.18888	0.015351633	0.2328	71.0	54405.300701379776
196	-11.770973	32.223564	39.633923	-54.27389	200.91667	2.7447267	9.017621	19.075424	-75.38184	985000	-4.8828124e-08	216.01578	-0.02576229	-52.146484	26.154806	0.015996013	0.124	12.0	54570.49840950966
197	-9.948301	31.420317	36.440147	-56.15163	208.69565	0.885725	9.396396	16.600218	-70.464096	990000	6.4849854e-09	197.19244	-0.02496564	-29.451889	26.196756	0.015676089	0.1522	11.0	54735.49360179901
198	-8.578063	33.926586	44.310028	-55.206276	194.68	0.8194539	9.295263	16.458738	-60.51641	995000	2.4414062e-08	246.91075	-0.043066826	-30.778	26.1491	0.015249799	0.2082	40.0	54900.96818780899
199	-8.105997	27.807335	15.444294	-57.80966	234.85715	1.271411	9.829673	14.151557	-72.48846	1000000	3.3569336e-08	96.92223	-0.047976833	-28.45945	26.200884	0.015309276	0.1932	47.0	55065.8392803669
200	-4.890475	28.021955	16.146788	-55.552784	238.9	-0.20199274	10.591567	12.285557	-88.48854	1005000	1.8310548e-08	130.11691	-0.055649713	-29.122566	26.17118	0.013472481	0.2614	79.0	55651.358263254166
201	-4.680821	27.00986	15.577603	-55.538723	237.09525	1.2471263	8.273966	16.164232	-73.158066	1010000	-1.2207031e-08	95.72691	-0.03718151	-21.736496	26.114504	0.01561971	0.2064	23.0	55816.01167964935
202	-1.1545511	26.602097	34.483963	-54.277355	246.85	2.9741309	5.9383845	16.78701	-53.587994	1015000	-2.4414062e-08	155.73094	-0.047019456	-27.247604	26.136578	0.009312003	0.2308	79.0	55980.68099808693
203	-12.59876	32.065487	36.326405	-54.826656	188.6	0.2895152	9.251682	13.8136635	-87.463326	1020000	5.493164e-08	151.96846	-0.05069683	-20.1091	26.098188	0.00978397	0.2298	79.0	56146.10576581955
204	-13.461926	32.41484	38.522133	-56.79253	192.4	-0.30059168	9.848099	13.049979	-64.68658	1025000	9.155274e-09	189.74988	-0.05448987	-36.889206	26.090193	0.009966301	0.251	79.0	56311.76349234581
205	-6.456497	31.354664	38.611244	-52.97293	208.69565	0.077309035	9.769158	11.295038	-69.837234	1030000	3.051758e-08	134.90242	-0.039624557	-44.98575	26.09023	0.01528925	0.1846	33.0	56885.744908332825
206	-15.821842	31.213404	15.028039	-58.052708	198.08	2.4880517	9.317741	19.155397	-82.577835	1035000	-3.2043456e-08	150.2869	-0.017554265	-48.547707	26.05924	0.015193836	0.1724	6.0	57050.8247256279
207	-15.920989	32.3597	39.134277	-57.74922	185.1923	-1.4582533	12.722022	12.567121	-84.607994	1040000	2.4414062e-08	170.77428	-0.024876302	-42.631714	26.046343	0.017145941	0.1426	11.0	57216.06052184105
208	-9.184516	32.24037	43.14793	-58.252827	206.66667	2.535282	7.282953	17.695368	-68.28368	1045000	-4.2724608e-08	149.35909	-0.051090106	-32.418182	26.061941	0.010339393	0.1936	79.0	57381.18776702881
209	-6.1391864	29.131706	35.774155	-56.07542	224.31818	1.4729499	9.442756	14.487946	-77.39745	1050000	3.5095216e-08	105.61546	-0.05225909	-15.35331	26.07081	0.015192072	0.2142	70.0	57545.9895632267
210	7.972736	22.77065	43.121876	-50.480625	272.5	2.888732	6.080801	15.475233	-47.327774	1055000	-4.4250488e-08	153.53287	-0.049864743	-33.63169	26.016466	0.014077868	0.2276	79.0	58098.5562479496
211	-14.877502	32.6113	35.590195	-55.988525	191.03847	2.4210773	9.845594	21.776457	-68.0574	1060000	2.2888185e-09	209.02043	-0.037812855	-27.10286	26.006659	0.015182407	0.1684	22.0	58264.094806432724
212	-4.993327	28.733166	15.643878	-53.421944	226.90909	2.00481	8.9638	16.430645	-88.419426	1065000	2.5939942e-08	66.682045	-0.052454904	-18.013462	25.987028	0.014729387	0.2234	79.0	58429.362139463425
213	-0.9870924	25.49987	16.911383	-53.445156	243.4	3.370975	6.7120852	18.867243	-69.10139	1070000	-5.9509276e-08	41.35164	-0.038621828	-10.209114	25.97156	0.015341489	0.2002	26.0	58593.75245761871
214	-12.572929	33.988274	41.32484	-55.909733	184.51852	1.766473	8.408642	21.161911	-55.62141	1075000	-6.713867e-08	194.36409	-0.044547796	-25.069	25.936056	0.015293974	0.2014	39.0	58759.24810361862
215	2.0458388	25.473879	40.726437	-56.136883	261.4737	3.9657707	6.006794	17.827574	-59.431396	1080000	-1.2207031e-08	114.08976	-0.027388189	-18.536125	25.917704	0.015937617	0.162	16.0	59309.94196462631
216	-3.8997796	27.051699	14.799132	-52.96482	235.14285	2.2659464	8.358357	14.407474	-79.536644	1085000	-4.5776368e-08	65.08045	-0.048704736	-14.183033	25.932234	0.013090954	0.1972	79.0	59474.88338112831
217	-7.1040444	30.507523	37.995625	-54.4155	214.65218	1.7335489	8.33977	15.213691	-70.182335	1090000	-3.6621095e-08	144.01141	-0.024434447	-23.767723	25.896904	0.015456231	0.163	11.0	59639.81188058853
218	-2.4440136	28.082886	40.388847	-52.010975	230.57143	2.8609343	7.711763	14.548061	-52.609894	1095000	2.4414062e-08	136.86562	-0.023730721	-31.86567	25.899622	0.016361035	0.1846	13.0	59804.69725894928
219	2.3376927	24.328714	38.088806	-52.63455	255.57895	4.506179	4.6584125	19.155254	-44.853992	1100000	6.1035155e-09	89.090485	-0.045251653	-15.094582	25.892986	0.012439854	0.211	79.0	59969.10303616524
220	-5.4568043	29.627518	39.981636	-57.214386	227.0	2.5709302	7.0110903	17.60775	-58.94436	1105000	5.645752e-08	188.26178	-0.04840723	-27.093414	25.890844	0.015171426	0.1974	49.0	60570.92949295044
221	0.52711356	27.43499	39.13362	-51.911728	238.25	2.9224102	5.3014226	16.387728	-50.336067	1110000	2.0599366e-08	71.84568	-0.03430917	-7.1142044	25.835266	0.015881136	0.1804	31.0	60735.353773117065
222	3.8883932	26.548325	45.38257	-55.43825	259.78946	4.939102	4.811443	21.508455	-35.556408	1115000	-1.525879e-08	160.76068	-0.04507871	-24.025864	25.867987	0.014024268	0.2466	79.0	60900.02916145325
223	2.1019065	24.36044	35.75681	-53.555367	254.73685	4.3364525	7.617129	20.892326	-58.08928	1120000	9.155274e-09	93.53164	-0.032748487	-34.47435	25.862598	0.015775781	0.1814	23.0	61064.50152039528
224	-3.2280934	27.057875	15.112629	-55.763577	234.14285	5.2833166	5.1117554	19.204227	-52.219646	1125000	-4.577637e-09	69.9977	-0.04379885	-22.29617	25.844717	0.009642781	0.2002	79.0	61229.55059504509
225	-6.1197505	31.80181	40.337334	-54.36154	207.86957	2.7229936	6.7000437	14.820967	-50.593704	1130000	-5.0354004e-08	127.83077	-0.05112251	-20.850021	25.826246	0.012944858	0.2176	79.0	61860.027884721756
226	6.331336	26.345043	42.29742	-52.459473	248.8	3.618369	6.4268165	15.776389	-53.02731	1135000	3.0517577e-09	130.65613	-0.03750329	-17.189651	25.787409	0.015302161	0.201	28.0	62024.778070926666
227	-8.046096	32.785366	41.655132	-55.2367	205.54167	5.468961	7.7172503	20.776344	-69.07787	1140000	-9.155274e-09	167.5532	-0.026130198	-35.377457	25.760712	0.015318878	0.1652	11.0	62189.95347714424
228	-6.9479475	29.906418	32.957375	-53.22109	209.65218	3.8355973	7.689759	20.368355	-71.92171	1145000	-3.4332275e-09	87.68879	-0.026039774	-22.252357	25.791504	0.018499292	0.1864	14.0	62354.88783097267
229	-0.8470489	26.457418	39.23947	-53.12795	240.85	2.9939587	6.925658	16.578539	-65.89429	1150000	1.9073486e-08	60.181118	-0.0197009	-6.27153	25.739744	0.017243939	0.1884	7.0	62519.517397880554
230	-14.51463	31.536066	15.205197	-56.19966	193.76	2.7021394	10.945162	23.914251	-91.02141	1155000	-8.239746e-08	102.97584	-0.052129995	-32.51586	25.802492	0.011868016	0.2132	79.0	63103.85729718208
231	2.97296	24.687994	37.39193	-52.72351	257.78946	1.2552801	8.836353	18.166746	-71.8684	1160000	-2.1362304e-08	162.6113	-0.039745096	-43.01864	25.75605	0.015701855	0.1806	34.0	63268.369475364685
232	-2.3211706	28.901287	38.06232	-57.285595	236.28572	3.0963936	7.355117	16.877844	-55.20066	1165000	0.0	80.85364	-0.0290166	-14.455757	25.7659	0.016248662	0.1536	14.0	63433.182958602905
233	0.50301546	22.546013	13.840028	-52.62309	257.0	3.5133476	5.9045277	16.517893	-56.309635	1170000	-5.0354004e-08	52.280743	-0.012912487	-14.923111	25.744778	0.018078541	0.1918	4.0	63597.530067682266
234	-3.4010577	27.825413	39.191143	-54.808	228.42857	3.6358204	5.3193755	17.596283	-32.02829	1175000	-3.0517577e-09	90.32429	-0.048486955	-21.707222	25.748415	0.01501489	0.2114	72.0	63762.27743387222
235	-2.8240895	28.25856	36.648674	-54.705894	236.71428	3.5997086	5.422862	17.084171	-42.46662	1180000	-1.2207031e-08	108.33171	-0.047633525	-22.31192	25.716196	0.008193286	0.1932	79.0	64340.43052148819
236	-0.8660698	27.575785	41.363617	-62.259205	239.05	2.6517336	6.498794	18.277763	-54.66603	1185000	-1.8310548e-08	73.086716	-0.034321606	-15.526642	25.6985	0.015051404	0.1616	30.0	64504.91310119629
237	-7.0352597	30.964973	37.843117	-55.08814	212.56522	2.6650398	8.359664	18.856157	-60.54677	1190000	-1.2207031e-08	82.575264	-0.031849597	-12.094376	25.678352	0.015515709	0.185	17.0	64669.895871162415
238	-8.9296055	31.119003	36.385204	-53.51916	201.875	2.6644905	7.421427	15.089967	-68.98636	1195000	-1.8310548e-08	86.44078	-0.049784314	-19.459923	25.718443	0.012754635	0.2218	79.0	64835.049642801285
239	-5.953191	31.733957	40.579617	-54.060654	213.08696	2.0832329	8.422334	15.203325	-60.765045	1200000	6.1035155e-09	109.9045	-0.043114424	-20.136627	25.690258	0.015202953	0.195	46.0	65000.071330070496
240	-16.263855	31.45821	14.016723	-55.671482	187.73077	3.1405535	9.983467	20.831316	-69.806694	1205000	1.0681152e-08	134.65486	-0.055894103	-36.92843	25.68916	0.01489069	0.2374	79.0	65612.35005640984
241	-14.133119	33.888836	40.6862	-54.996456	178.17857	-0.020751465	12.172935	20.613903	-82.5435	1210000	1.373291e-08	149.38063	-0.025062306	-30.72042	25.714693	0.015939327	0.1744	10.0	65778.00912070274
242	-1.4978797	25.740107	16.738337	-54.144794	248.9	3.5381422	7.1366577	24.124203	-69.26815	1215000	3.2043456e-08	75.72438	-0.014808038	-22.004612	25.696447	0.01705189	0.1628	4.0	65942.33975815773
243	-9.100037	31.164053	37.698925	-55.982338	218.27272	1.0223976	11.095701	18.417044	-79.744865	1220000	-2.1362304e-08	181.15685	-0.023491547	-58.278297	25.662394	0.01722236	0.1754	12.0	66107.13320231438
244	-3.3345	29.775883	39.975765	-55.122845	215.95653	0.9505425	9.014268	16.464104	-85.79937	1225000	1.8310548e-08	133.86812	-0.039172173	-50.731033	25.660187	0.015322061	0.1594	32.0	66272.29068303108
245	-2.575842	29.944324	39.709637	-58.48217	232.66667	3.9850945	7.3361735	20.325403	-49.0506	1230000	1.525879e-08	141.90771	-0.02770855	-24.583405	25.666492	0.016742136	0.1862	12.0	66839.43782734871
246	1.5382986	23.180288	14.817795	-52.2979	257.4737	3.837419	7.7739563	17.868338	-62.99147	1235000	3.4332275e-09	56.363445	-0.018873554	-19.640434	25.634718	0.01701027	0.1446	9.0	67004.04682970047
247	0.86614245	22.863995	15.496453	-53.187023	258.73685	3.4731634	7.252389	17.148632	-59.84811	1240000	2.746582e-08	59.383755	-0.020672973	-21.779247	25.657707	0.016716283	0.1892	10.0	67168.18891692162
248	0.51915675	22.98581	15.743136	-55.752834	260.6842	3.9494812	4.886474	19.146132	-32.48625	1245000	1.8310548e-08	69.56089	-0.04181673	-37.956093	25.654167	0.009454151	0.1766	79.0	67332.77733159065
249	-11.653391	29.774403	16.478655	-55.774162	206.91304	1.0762156	9.020462	13.818926	-84.89255	1250000	-4.577637e-09	90.0729	-0.029366866	-30.025566	25.632416	0.015632654	0.167	14.0	67497.80868530273
250	0.43549317	26.509392	39.95195	-52.682343	241.5	1.6807656	6.237199	14.010028	-75.31134	1255000	2.2888184e-08	102.13805	-0.037182827	-20.006668	25.63727	0.0151367765	0.1952	36.0	68088.13279795647
251	-6.2044525	32.738873	40.942142	-58.443073	216.08696	1.6146762	9.159638	18.361563	-91.943504	1260000	3.5095216e-08	203.61221	-0.039352667	-43.549683	25.670925	0.016609257	0.1652	27.0	68253.15100002289
252	-11.907212	35.44669	41.533123	-55.356388	183.38461	2.9930153	8.8492365	23.669264	-73.75561	1265000	-1.5258789e-09	281.78714	-0.023909621	-56.289658	25.638712	0.01624214	0.1482	11.0	68418.64449977875
253	-10.087511	30.040003	14.448106	-57.54362	221.09091	1.146121	11.839109	20.635536	-91.82244	1270000	-5.0354004e-08	147.59137	-0.026921295	-58.78276	25.621378	0.016491711	0.2032	12.0	68583.58193683624
254	-2.7140367	24.998611	15.342702	-55.45406	248.25	1.0234268	9.553197	14.224683	-75.66129	1275000	1.2207031e-08	73.411934	-0.044055603	-19.218403	25.633614	0.015271796	0.1842	40.0	68748.45441317558
255	-4.4428496	28.728043	16.117502	-55.321095	236.6	2.0346777	8.32162	14.343901	-64.437386	1280000	-1.2207031e-08	80.27347	-0.05034529	-10.857834	25.59067	0.013128759	0.2446	79.0	69335.90308618546
256	-6.584697	30.99477	39.60294	-54.002018	212.86957	2.2070491	8.229041	17.115042	-57.907322	1285000	-2.4414062e-08	148.3597	-0.03636681	-18.868576	25.592337	0.015870254	0.1712	24.0	69500.85304093361
257	-1.6722336	24.772377	14.387436	-52.372646	243.8	2.107027	9.669178	17.40357	-76.19354	1290000	1.6784668e-08	92.16812	-0.044072986	-49.605442	25.582306	0.015374172	0.198	34.0	69665.74890255928
258	-0.6676747	29.770071	39.081783	-53.361256	235.57143	3.6420496	6.467807	18.240763	-54.63829	1295000	-1.8310548e-08	187.5594	-0.037938662	-55.619705	25.596478	0.015155035	0.1856	25.0	69830.59046602249
259	-8.516831	33.396927	43.2687	-55.880947	205.47826	3.8342898	8.507898	26.701557	-85.27266	1300000	1.2969971e-08	250.36377	-0.040582463	-47.05179	25.586891	0.015203634	0.1996	29.0	69995.60043525696
260	-4.9633603	29.041222	31.260256	-53.162308	224.18182	2.3164225	8.433539	15.142468	-75.210815	1305000	3.0517577e-09	95.984634	-0.038321633	-18.548744	25.603987	0.015677875	0.1972	29.0	70587.49092102051
261	-8.506278	34.603443	39.574234	-56.521168	196.88	2.8476193	10.008348	18.597277	-81.86746	1310000	1.525879e-08	152.56139	-0.039818645	-18.314713	25.514631	0.01527334	0.1552	31.0	70752.83708763123
262	0.08421943	27.11077	34.279488	-52.568634	248.6842	5.090465	6.4637823	19.201618	-55.88083	1315000	-2.746582e-08	125.14838	-0.04485604	-37.16165	25.543797	0.012759304	0.205	79.0	70917.4217004776
263	-14.861719	32.262302	37.469837	-55.88383	187.84616	1.4721667	11.969152	15.999831	-86.15978	1320000	-9.155274e-09	193.18207	-0.028805634	-39.35573	25.554909	0.016410312	0.1762	14.0	71083.0394449234
264	-18.493906	33.58494	38.856766	-58.76785	176.81482	-0.17050523	11.939179	15.446242	-92.07343	1325000	1.2207031e-08	196.45607	-0.034342483	-48.690094	25.56361	0.015491409	0.149	19.0	71248.85963654518
265	-18.882051	31.032972	12.957974	-55.0052	175.17857	-0.45339203	12.279083	14.884125	-99.38233	1330000	-6.866455e-09	112.13119	-0.03263036	-27.062935	25.568678	0.016242698	0.1884	20.0	71856.19508719444
266	-4.5143437	30.580484	37.468773	-56.217907	220.63637	0.4780916	10.97213	15.604414	-103.47821	1335000	7.93457e-08	142.45833	-0.026431076	-18.968681	25.522688	0.016763229	0.1688	11.0	72021.1783041954
267	-5.9660897	31.707577	38.490726	-54.371956	212.95653	2.2173765	9.954645	15.476451	-82.03156	1340000	-3.8146972e-08	128.56915	-0.04356222	-22.717888	25.543053	0.015455034	0.213	38.0	72186.44679379463
268	-10.569681	31.107126	17.764265	-55.39763	206.17392	3.225053	11.328402	18.70461	-77.49437	1345000	-4.8065186e-08	80.10209	-0.032041486	-22.52599	25.530706	0.017060611	0.1704	17.0	72351.19002723694
269	0.22992754	23.277826	13.545899	-54.44754	263.66666	3.581013	7.279433	17.297575	-73.92872	1350000	-2.89917e-08	125.12408	-0.039366953	-36.78093	25.50634	0.015279311	0.1902	29.0	72515.44513773918
270	-2.7888367	25.138277	15.059618	-53.741276	249.3	2.461055	6.2135787	16.8249	-61.680107	1355000	-1.373291e-08	65.28968	-0.039789468	-19.331577	25.480465	0.015233929	0.1864	42.0	73112.64389204979
271	1.0613091	28.967274	41.32273	-56.05338	240.95	1.4689513	6.943262	17.452112	-61.301273	1360000	-6.103516e-08	145.90562	-0.032777514	-21.595963	25.504295	0.015612268	0.165	18.0	73277.19441080093
272	9.625565	18.66946	36.90503	-56.450043	277.35294	3.2321537	6.0155063	17.81653	-53.983467	1365000	1.2207031e-08	100.54192	-0.044718176	-24.120049	25.497519	0.015115999	0.2166	77.0	73441.62419509888
273	-6.980879	30.99907	42.561535	-56.23869	213.26086	5.1052547	7.557746	28.494902	-52.529575	1370000	-2.1362304e-08	91.465645	-0.035077065	-30.634796	25.482573	0.015285535	0.1558	28.0	73606.58620381355
274	5.203404	26.614151	44.55792	-54.097153	248.85	3.4302297	6.8924065	20.165956	-68.408035	1375000	-1.0681152e-08	141.34052	-0.02526659	-35.643425	25.438412	0.016446684	0.1624	15.0	73771.1596763134
275	-4.6441503	30.456972	34.26667	-53.760628	224.2381	5.281669	7.682986	21.573067	-54.805473	1380000	-1.2207031e-08	206.1069	-0.035503004	-78.028946	25.468885	0.015610951	0.168	27.0	74346.30222272873
276	-12.912932	33.870037	41.380436	-57.385612	188.64	2.662541	10.40959	18.607805	-62.66175	1385000	-6.1035155e-09	158.15799	-0.032842536	-54.74102	25.443457	0.015572634	0.1764	24.0	74511.77590584755
277	-11.937436	33.60534	37.387894	-54.66238	192.2	1.2066009	12.730858	16.399754	-83.598564	1390000	-6.713867e-08	160.65407	-0.042351723	-22.13945	25.47826	0.0152523015	0.2	31.0	74677.42204546928
278	-10.293887	32.15512	39.481266	-55.880077	206.91304	2.4743035	10.66689	15.52981	-67.47721	1395000	2.3651124e-08	143.23958	-0.03280225	-28.771065	25.49138	0.015749222	0.2066	19.0	74842.23331356049
279	-15.554717	33.228256	37.237293	-55.6367	188.68	1.6008222	10.681404	18.341492	-80.65925	1400000	3.967285e-08	210.33507	-0.023743048	-62.4413	25.450533	0.0152505	0.1632	11.0	75007.49993109703
280	-7.7996855	34.192574	39.801952	-55.06176	205.30435	-0.40380648	12.530624	16.076216	-81.287704	1405000	-3.6621095e-08	283.3741	-0.046643052	-80.88666	25.451485	0.0156259	0.216	48.0	75606.50450348854
281	-10.111748	36.995663	40.146507	-56.941467	181.11111	3.4869444	10.665805	20.663961	-67.49152	1410000	1.2207031e-08	312.48178	-0.043557778	-49.493073	25.444334	0.015290335	0.205	27.0	75772.27786540985
282	-5.1102166	32.435726	40.314648	-57.056328	227.04762	4.1927786	9.943573	19.085733	-58.28175	1415000	9.155274e-09	167.31966	-0.036232192	-26.220612	25.396284	0.016035447	0.184	25.0	75936.98462867737
283	1.0208303	28.290857	41.179985	-55.27963	245.35	3.51675	9.941769	23.04747	-67.51398	1420000	0.0	175.16406	-0.03815107	-46.916275	25.39459	0.015343411	0.1746	33.0	76101.64328765869
284	-2.4360816	31.573782	43.340313	-55.297276	222.40909	4.502445	9.661821	22.685896	-70.88637	1425000	6.1035155e-09	145.46194	-0.032830898	-21.775696	25.436476	0.01558024	0.1772	19.0	76266.4610183239
285	-8.008724	31.77338	38.249622	-55.46642	205.66667	4.9902983	7.708026	24.250793	-71.11518	1430000	9.155274e-09	130.72057	-0.05106589	-30.003052	25.419329	0.0119435955	0.2186	79.0	76806.0126862526
286	4.339811	25.989716	42.333473	-53.18516	251.73685	3.101632	7.9346423	19.18877	-63.370087	1435000	1.9836426e-08	137.13771	-0.031218026	-39.827507	25.3755	0.01570917	0.1562	20.0	76970.36373996735
287	1.8711988	34.825493	42.559544	-53.279552	220.04546	5.4896092	8.296956	23.00099	-80.62575	1440000	-2.4414062e-08	228.29437	-0.028114831	-57.125305	25.355268	0.015732255	0.1512	15.0	77135.40514302254
288	-4.053337	29.777737	32.49487	-54.906418	223.68182	9.076098	8.12503	27.984352	-38.875828	1445000	-3.0517577e-09	99.66702	-0.042585965	-32.483513	25.346497	0.015339464	0.1968	40.0	77300.34721302986
289	-2.8950262	32.02817	41.160053	-55.66218	224.68182	5.353197	8.540731	23.748672	-75.40718	1450000	-4.9972535e-08	256.0926	-0.018818967	-47.553467	25.367983	0.015407184	0.1604	8.0	77465.02462863922
290	-2.37761	33.69172	41.290325	-55.57816	204.70833	3.7659621	8.73037	20.639278	-64.07263	1455000	-3.0517577e-09	203.98227	-0.04596533	-60.32721	25.373924	0.0152280135	0.1994	56.0	78057.52767276764
291	-2.4622872	30.993935	45.09321	-56.457207	241.75	6.0761213	6.631998	22.011602	-39.961384	1460000	-5.493164e-08	237.57178	-0.027503083	-94.72789	25.361883	0.017426906	0.1744	14.0	78222.13028883934
292	13.131201	19.392275	44.693382	-52.257626	275.27777	2.9367805	8.759375	16.98424	-59.802372	1465000	-1.2207031e-08	201.9477	-0.023615692	-83.371895	25.36291	0.016097795	0.1682	12.0	78386.48783707619
293	14.75129	19.721834	45.65886	-50.229584	264.8889	7.10796	4.788015	20.16514	-27.23461	1470000	-1.2207031e-08	117.8622	-0.042019244	-15.228569	25.38688	0.015280193	0.2066	62.0	78551.0129995346
294	3.324847	29.149164	43.557674	-55.17635	237.09525	6.9466343	6.3526287	21.040194	-53.100327	1475000	9.155274e-09	154.94672	-0.041268904	-26.225723	25.353598	0.015208916	0.1954	63.0	78716.0298705101
295	-0.3264941	29.62823	38.526176	-54.63112	222.59091	6.737219	7.7631187	23.419342	-62.649208	1480000	9.155274e-09	128.43556	-0.026372178	-22.576363	25.330679	0.016034704	0.1824	14.0	79240.152094841
296	-0.828866	26.881409	43.008278	-53.757168	246.9	4.399341	7.5892696	19.05696	-98.2482	1485000	3.0517577e-09	140.18755	-0.05024511	-46.408752	25.315855	0.01294704	0.2078	79.0	79404.76274776459
297	-1.282639	30.914965	37.729313	-55.135506	212.56522	4.5219607	6.898233	19.730675	-69.80557	1490000	1.525879e-08	137.19542	-0.03716272	-17.874771	25.295843	0.015555917	0.209	30.0	79569.79173898697
298	3.251205	24.550411	38.910767	-52.55641	257.6316	4.6348186	7.4547133	21.219166	-78.070786	1495000	2.3269653e-08	80.86247	-0.04317815	-10.41433	25.286331	0.011779178	0.1998	79.0	79734.71177625656
299	3.948253	30.54587	40.287373	-55.595253	236.35	3.2504506	9.275051	17.60561	-85.39668	1500000	-2.89917e-08	205.42818	-0.032855947	-39.203705	25.259884	0.017266024	0.1828	16.0	79899.39543008804
300	-3.7893722	33.0913	39.046356	-55.196583	205.52174	5.9344864	7.7820497	22.64811	-67.15139	1505000	-1.8310548e-08	158.61647	-0.024031842	-18.345978	25.24888	0.016455324	0.1648	10.0	80390.70109248161
301	-8.915828	29.669968	16.208784	-56.355206	217.36363	4.4756675	8.253461	17.618454	-59.250877	1510000	5.493164e-08	132.6159	-0.02264475	-43.695526	25.295044	0.01770724	0.1228	9.0	80555.33372974396
302	8.910199	23.683052	42.995808	-51.713352	267.72223	3.346597	6.956052	17.601873	-48.947845	1515000	-1.2207031e-08	172.52805	-0.03500742	-40.154922	25.260597	0.01677855	0.1826	21.0	80719.75306582451
303	-15.446075	34.153706	35.269287	-57.2499	176.18518	4.9139304	9.28514	19.665714	-68.0118	1520000	8.392334e-09	219.60672	-0.013129864	-75.23735	25.294424	0.014643932	0.0966	4.0	80885.33747768402
304	2.4910207	28.624578	41.397446	-56.229492	237.61905	3.4877145	6.4638286	16.947165	-60.655773	1525000	1.525879e-08	143.1015	-0.023759173	-22.791824	25.268784	0.016239299	0.1934	16.0	81049.80433344841
305	-5.843033	29.31284	16.194221	-56.166565	226.40909	3.099501	11.187226	16.539751	-98.7739	1530000	-1.2207031e-08	71.99919	-0.03951039	-22.403702	25.27256	0.015480367	0.1882	34.0	81610.83168053627
306	-0.592143	33.2504	43.532356	-56.761604	215.13043	2.6742423	10.172592	16.359837	-107.827415	1535000	0.0	192.65808	-0.023237444	-30.782562	25.275835	0.016874827	0.145	10.0	81775.87245464325
307	-8.384762	33.171665	38.06778	-57.184837	210.08696	4.17814	10.418611	24.376837	-85.228676	1540000	9.155274e-09	291.915	-0.029603949	-64.048416	25.229057	0.015915034	0.1582	16.0	81940.77691292763
308	-3.323128	36.373856	41.830803	-58.37362	202.58333	3.3462353	8.723498	17.41225	-64.88482	1545000	-3.3569336e-08	313.8788	-0.028077004	-42.620514	25.236183	0.015590015	0.1734	13.0	82105.81630349159
309	-2.2404056	29.082355	37.915707	-56.11466	232.14285	5.9648733	8.972894	19.305733	-80.27489	1550000	1.2207031e-08	138.46648	-0.042580847	-36.408676	25.252268	0.015406974	0.2186	36.0	82270.69543647766
310	6.3799925	22.208298	38.82539	-54.931053	261.73685	5.269742	6.726271	18.551022	-61.956665	1555000	1.9073486e-08	82.79617	-0.04186793	-12.546898	25.250763	0.015528493	0.1978	40.0	82857.36843562126
311	-1.9427978	30.622711	36.69387	-55.23979	217.08696	4.3878264	7.6171303	17.306396	-62.817036	1560000	2.0599366e-08	127.40827	-0.034056347	-19.905197	25.259544	0.01563819	0.214	23.0	83022.38336873055
312	-2.2818165	32.450256	41.00359	-56.13018	219.04546	4.6975923	7.805126	18.086496	-61.203823	1565000	1.8310548e-08	131.7712	-0.049204774	-22.133736	25.225866	0.014324318	0.2284	79.0	83187.29981446266
313	0.5944936	27.95457	44.568844	-56.20079	241.1	5.7961397	7.5517144	20.051142	-59.198288	1570000	-1.5258789e-09	80.19884	-0.04771534	-13.054977	25.194128	0.015293133	0.2246	59.0	83352.09868192673
314	0.9390036	28.10027	40.129616	-54.924774	243.15	5.180084	6.506058	20.455336	-65.29911	1575000	-4.2724608e-08	155.1965	-0.010885076	-20.0372	25.189423	0.017705113	0.1482	4.0	83516.6160826683
315	1.8740429	28.54727	43.40236	-56.78902	240.65	4.7792397	8.002412	18.467138	-82.573494	1580000	-7.629395e-09	121.246826	-0.028474703	-25.39569	25.178394	0.015536136	0.1644	24.0	84052.23019433022
