Epoch	AverageEpRet	StdEpRet	MaxEpRet	MinEpRet	EpLen	AverageVVals	StdVVals	MaxVVals	MinVVals	TotalEnvInteracts	LossPi	LossV	DeltaLossPi	DeltaLossV	Entropy	KL	ClipFrac	StopIter	Time
1	-14.433957	10.514654	3.3027196	-29.790543	198.48	-7.803133	9.323564	0.52925074	-54.097782	10000	-1.6784668e-08	67.66282	-0.046016403	-45.94254	22.952562	0.0011015778	0.183	79.0	170.03690814971924
2	-15.61278	11.41475	0.006232115	-33.290184	176.39285	-5.0933323	8.612767	1.510446	-45.133404	15000	-3.967285e-08	31.131546	-0.051782284	-13.527775	22.935993	0.004180216	0.1672	79.0	340.0634431838989
3	-18.720259	11.848385	-1.2500775	-40.44147	153.53125	-3.5217395	8.0363245	2.2830203	-41.10739	20000	-1.6784668e-08	20.243422	-0.05267901	-2.4993916	22.879671	0.010997729	0.174	79.0	510.5199408531189
4	-15.2643385	11.027984	0.0041696685	-34.416912	176.48148	-3.0024111	7.288962	2.1381285	-37.899292	25000	-4.8828124e-08	12.391271	-0.053097058	-2.3222094	22.837965	0.008730355	0.1932	79.0	680.215265750885
5	-19.506659	10.465546	1.2089608	-36.901608	128.43243	-4.265974	8.749038	2.3878524	-50.147564	30000	3.5095216e-08	24.451374	-0.054651793	-3.3489933	22.79596	0.01271911	0.2228	79.0	896.0905039310455
6	-17.203644	10.349527	2.061367	-35.138523	146.79411	-3.1317527	7.7580314	2.513057	-31.851316	35000	-1.5258789e-09	15.63345	-0.047019433	-1.9201965	22.835482	0.015116708	0.1752	41.0	1066.8273763656616
7	-15.380613	11.053376	5.029842	-41.086185	164.5	-1.4111521	5.7365174	2.8724852	-31.346956	40000	5.1879884e-08	16.360088	-0.046796218	-2.232874	22.807	0.0153648	0.1636	56.0	1237.2221307754517
8	-16.083803	10.584574	3.661245	-29.794794	161.23334	-1.9105583	6.2400484	3.0229568	-24.980507	45000	-7.324219e-08	16.442104	-0.05261198	-1.8958044	22.799747	0.015238916	0.19	68.0	1407.3498802185059
9	-15.683714	10.333785	-0.20957385	-31.464134	184.37038	-1.8138819	6.802123	2.8987541	-32.39061	50000	6.103516e-08	12.649117	-0.054560058	-1.0617142	22.743654	0.014790346	0.1898	79.0	1577.0886442661285
10	-15.81948	10.316391	0.6065817	-35.221157	192.76	-1.9137639	6.387515	2.830838	-30.881128	55000	2.746582e-08	9.2773695	-0.045091886	-0.9356003	22.758892	0.01530272	0.1686	54.0	1774.8791944980621
11	-16.975735	9.573017	1.6338729	-28.825447	167.27586	-2.155777	6.136049	2.9249747	-28.73495	60000	1.9836426e-08	17.5057	-0.044886567	-1.4007092	22.775444	0.015463518	0.1494	38.0	1944.7111802101135
12	-19.09694	11.875823	-0.33942696	-36.937805	142.51428	-2.7678666	6.955325	2.6693664	-34.489006	65000	0.0	26.65895	-0.052848615	-6.005232	22.750687	0.01506011	0.17	42.0	2115.4361188411713
13	-13.456207	10.26879	3.2117872	-35.898388	206.82608	-2.5555491	6.270291	1.9942912	-31.325287	70000	-3.0517577e-09	13.02652	-0.050542973	-4.5344906	22.759882	0.0030913113	0.1854	79.0	2284.4766240119934
14	-13.9421	11.316646	5.6423187	-30.516478	192.64	-1.2653787	5.6978693	3.2552557	-30.072807	75000	-5.0354004e-08	13.596581	-0.050455123	-1.4067736	22.72572	0.012588883	0.1538	79.0	2454.3415768146515
15	-16.805883	10.584824	2.0968828	-30.254951	146.97058	-1.8186281	6.6422205	2.8185503	-32.934357	80000	-2.89917e-08	12.255459	-0.027601978	-1.6848421	22.721478	0.016481224	0.1644	13.0	2657.3655467033386
16	-17.792706	9.937353	-0.14701822	-35.680653	160.93549	-3.2640805	7.8720894	2.4515705	-43.50637	85000	5.9509276e-08	12.149596	-0.024365485	-1.9682293	22.698479	0.016198792	0.179	12.0	2827.299641609192
17	-15.691414	10.859659	3.9472704	-29.191437	154.41936	-2.2067616	7.0047193	2.4668765	-37.368683	90000	5.79834e-08	9.283082	-0.052506957	-0.90902805	22.695913	0.013457755	0.1974	79.0	2997.9980850219727
18	-14.315907	9.794975	-1.6996894	-28.544228	169.13792	-2.0615108	5.962398	2.6895854	-30.388756	95000	-3.2043456e-08	15.449593	-0.045293026	-2.4797754	22.68792	0.015223393	0.174	38.0	3168.0948288440704
19	-14.903687	11.161474	4.91424	-33.921978	176.85715	-1.389967	5.909287	2.585952	-32.30073	100000	1.2207031e-08	12.079311	-0.030918445	-1.1089258	22.69393	0.01657214	0.1514	16.0	3337.7631888389587
20	-6.0023427	6.6959743	2.8099618	-25.119383	279.64706	0.45425934	2.877386	3.1350408	-22.3691	105000	1.8310548e-08	4.6172514	-0.025730418	-0.36978865	22.687029	0.015589109	0.1234	18.0	3534.4859528541565
21	-19.73697	11.354709	1.341405	-38.98432	150.71875	-2.6821146	7.145726	3.30595	-34.829624	110000	5.79834e-08	20.10698	-0.030268064	-4.6546354	22.662031	0.016773611	0.1316	14.0	3705.03391456604
22	-18.71754	12.164193	-0.1068433	-39.27022	163.93103	-3.981236	8.486037	2.1562665	-36.807705	115000	-2.1362304e-08	25.052929	-0.046660505	-5.125761	22.658295	0.015262176	0.1726	49.0	3875.1298060417175
23	-15.483364	10.3548155	1.012759	-38.662132	187.26923	-1.8769898	6.1476936	2.4693835	-31.202465	120000	-1.8310548e-08	10.885918	-0.050467398	-0.9959736	22.624304	0.01532874	0.1766	71.0	4044.662925720215
24	-15.143702	11.268468	0.45499673	-37.55148	194.16	-1.6947922	6.081657	2.3338733	-30.003899	125000	0.0	6.97805	-0.027662262	-0.8758416	22.656168	0.015583754	0.1722	12.0	4213.932131052017
25	-15.363952	11.1603565	4.151028	-31.684732	159.58064	-2.9589493	7.6671786	2.5170782	-35.012978	130000	2.1362304e-08	16.517792	-0.033429638	-3.5683155	22.629938	0.015846243	0.1496	20.0	4421.528987169266
26	-14.849976	10.12481	-0.22917368	-29.37765	191.24	-1.2480266	5.580998	2.799301	-32.943512	135000	-5.1879884e-08	13.315638	-0.048279006	-1.5872469	22.644623	0.012268961	0.199	79.0	4591.626626253128
27	-17.461727	10.32184	3.2392328	-34.34837	172.25	-2.1724224	6.0412107	2.2499657	-29.93441	140000	1.9836426e-08	12.861891	-0.047390383	-2.055666	22.63025	0.015593687	0.161	40.0	4761.937059879303
28	-14.644422	11.28814	-0.92035604	-32.433205	208.04347	-2.4863732	6.796654	2.4646811	-42.891758	145000	-3.8146972e-08	14.380019	-0.038530365	-3.5731268	22.599276	0.015225303	0.1278	35.0	4931.537327289581
29	-18.137615	10.455248	6.2737994	-39.752712	148.5	-2.3187218	6.556112	3.5800219	-33.560196	150000	5.79834e-08	16.812418	-0.025040748	-3.7188015	22.603624	0.015802393	0.1292	12.0	5102.302669286728
30	-19.556932	10.799361	-0.17458238	-34.500195	146.91176	-4.3685827	8.30623	2.4896324	-49.286198	155000	6.1035155e-09	19.150534	-0.027034288	-4.674926	22.577152	0.017201817	0.1716	9.0	5294.403071641922
31	-21.153772	9.843244	-3.1144407	-37.646935	137.11111	-4.6916366	8.702966	2.3095748	-37.567787	160000	1.2207031e-08	21.090412	-0.04259754	-4.9027004	22.549297	0.015451474	0.1856	22.0	5465.2690353393555
32	-17.82854	10.98659	3.3249216	-38.02241	166.6	-3.407127	7.3850985	2.1722822	-37.59182	165000	2.746582e-08	17.754791	-0.03193837	-3.4276114	22.580416	0.015324243	0.1528	18.0	5635.875388622284
33	-14.081857	10.807179	0.90265673	-30.232498	169.96428	-2.020677	6.595848	2.7265167	-35.34488	170000	6.1035155e-09	13.160411	-0.04698078	-3.9751797	22.592781	0.011149098	0.1736	79.0	5805.945803403854
34	-12.446599	11.230015	3.693339	-29.562248	190.88461	-0.79346037	5.1964207	4.2591925	-29.64676	175000	1.9836426e-08	12.098873	-0.02903395	-1.8000946	22.54831	0.016216129	0.1232	22.0	5976.081872463226
35	-12.42881	9.955635	-0.600937	-29.555178	223.90475	0.036465745	4.2055354	4.136949	-23.160942	180000	7.019043e-08	7.1572404	-0.044248655	-2.0341272	22.575804	0.012559186	0.1684	79.0	6167.007728815079
36	-19.325329	8.674616	-4.263205	-35.562435	143.11765	-3.615734	7.674659	2.4760528	-36.61642	185000	-7.324219e-08	15.3678	-0.047733158	-3.1607094	22.524298	0.015443006	0.167	51.0	6338.136065721512
37	-18.295156	10.917384	0.29900002	-35.491474	138.62857	-3.0919466	7.537074	2.7294064	-36.028454	190000	-2.746582e-08	11.016443	-0.03752827	-1.6097136	22.516897	0.016131759	0.1728	22.0	6509.343162536621
38	-17.152515	11.205925	1.1962576	-38.158447	162.51724	-2.705537	6.858119	2.1935248	-38.742397	195000	-5.79834e-08	9.594609	-0.029045034	-2.2852407	22.531229	0.018605882	0.1596	13.0	6679.553677558899
39	-17.326393	10.047382	1.5482407	-34.489918	161.09677	-2.7848694	7.0319943	2.3990633	-29.626104	200000	-4.119873e-08	13.409525	-0.039392214	-2.6508846	22.541538	0.01558212	0.164	27.0	6850.023086071014
40	-15.505103	10.977449	3.8148608	-33.657402	187.65384	-2.4796207	6.9628806	2.5980985	-36.12688	205000	-8.31604e-08	11.281528	-0.041091997	-1.9821081	22.528847	0.015345373	0.157	41.0	7057.033762454987
41	-13.466504	9.806082	2.291951	-29.22763	196.48	-1.4493932	5.628681	3.1535404	-31.316614	210000	1.8310548e-08	7.6371837	-0.041058976	-0.916482	22.498755	0.015374011	0.1388	44.0	7226.79810667038
42	-15.7877245	12.527936	5.0996256	-39.52772	164.53334	-1.7240617	6.3522224	3.3230655	-28.10392	215000	-5.493164e-08	15.095086	-0.021909464	-3.1601286	22.486591	0.016875582	0.1294	11.0	7396.971204280853
43	-10.533277	10.713071	1.0841538	-29.289463	213.78261	-0.7152684	5.1069856	2.991806	-35.339664	220000	-9.1552735e-08	8.156752	-0.04562728	-1.4692907	22.491846	0.0057316143	0.1414	79.0	7566.503616094589
44	-14.427179	10.79713	1.3725204	-34.033184	183.38461	-1.3915945	6.150351	3.2813656	-30.11333	225000	-3.0517577e-09	4.852318	-0.03670801	-0.89560294	22.502254	0.01537473	0.1218	27.0	7736.447062015533
45	-16.017776	11.274457	-1.02719	-31.386286	177.85715	-2.224674	6.402395	2.671054	-26.68504	230000	-1.5258789e-09	13.073666	-0.040507216	-2.2475348	22.440853	0.0155075025	0.144	27.0	7942.383419752121
46	-14.211124	10.22807	0.24492553	-33.5143	180.7037	-1.7805	6.102881	2.6262686	-28.777023	235000	2.1362304e-08	10.262547	-0.024380095	-2.3691483	22.474703	0.017569415	0.1702	10.0	8110.934027194977
47	-11.9006405	10.316368	2.424198	-27.827093	187.34616	-1.2474184	5.2501383	3.2943594	-27.665285	240000	-1.525879e-08	8.540147	-0.04973482	-2.66052	22.490784	0.011782985	0.1568	79.0	8279.37200307846
48	-17.218437	10.4359455	2.6815584	-32.31849	157.7	-1.7524335	6.078951	4.189571	-28.533888	245000	6.408691e-08	11.930843	-0.021948574	-3.344862	22.460423	0.016567873	0.1476	10.0	8448.178837299347
49	-17.670403	10.434839	0.35510108	-31.362543	139.22858	-2.5430171	6.828202	2.6794379	-33.13168	250000	2.4414062e-08	12.01658	-0.025856253	-2.8854733	22.399742	0.015534082	0.1438	12.0	8617.571589708328
50	-16.573595	10.366264	-2.6418896	-36.33059	182.18518	-2.3423018	6.749213	2.4855616	-38.906075	255000	-3.0517577e-09	8.78403	-0.032492097	-1.3023868	22.419813	0.015638264	0.1546	19.0	8814.319181203842
51	-13.391998	11.294383	-0.64382416	-34.677666	194.76	-1.756225	6.1732054	2.7829938	-33.27197	260000	7.781983e-08	10.934039	-0.04376271	-2.0493937	22.419786	0.015431538	0.1402	53.0	8982.739140033722
52	-17.745512	10.153339	-0.24517384	-32.80638	182.07408	-3.0526478	7.2154613	2.8504193	-30.251686	265000	-3.051758e-08	9.518603	-0.024646126	-1.6196127	22.445574	0.01600548	0.147	9.0	9151.128377914429
53	-14.279336	10.970254	0.24762593	-32.7212	180.8077	-1.5385944	5.426692	2.5265238	-25.109125	270000	1.2969971e-08	9.879528	-0.035499547	-2.7737436	22.402916	0.016672183	0.1484	22.0	9319.373989343643
54	-18.797655	10.55202	-1.4334316	-33.88932	148.81818	-3.0019138	7.8314943	3.0579994	-31.628317	275000	3.967285e-08	13.348133	-0.041569464	-3.1353483	22.39477	0.015499774	0.1646	37.0	9488.812542676926
55	-13.918203	10.596638	0.314117	-33.347588	210.82608	-1.2228026	5.485068	2.9531448	-30.03231	280000	-2.4414062e-08	7.8231187	-0.04058335	-2.7916193	22.433975	0.015554688	0.149	51.0	9685.006972789764
56	-16.323446	11.745263	5.5886683	-36.8807	172.42857	-2.2303495	6.6059766	3.3728888	-30.876022	285000	-9.155274e-09	11.272338	-0.02363423	-2.2981148	22.363691	0.016809033	0.1236	12.0	9853.182024240494
57	-15.67544	10.855757	3.782398	-32.317123	162.73334	-2.240495	6.746228	3.454654	-34.599747	290000	5.493164e-08	11.483498	-0.027051855	-3.0245447	22.4099	0.017509704	0.1626	14.0	10021.6394572258
58	-14.955078	11.78043	0.5571474	-32.974537	179.7037	-1.4546688	6.2385798	3.369622	-31.732119	295000	-5.79834e-08	11.373816	-0.029364415	-2.3996887	22.406237	0.01465697	0.1322	23.0	10190.294383525848
59	-18.963573	10.205161	-0.36709595	-38.29858	154.12903	-2.8532958	7.5393767	2.7335794	-32.679024	300000	2.4414062e-08	9.30467	-0.045205187	-2.6498623	22.4241	0.015764875	0.1724	42.0	10359.119494438171
60	-16.863691	10.139065	-0.7901291	-33.24548	159.74193	-2.5094593	7.468034	2.7841945	-31.886244	305000	1.0681152e-08	6.9347205	-0.035493363	-2.6112351	22.430372	0.015485534	0.1396	28.0	10556.190569639206
61	-16.225945	11.033706	2.962441	-29.971733	159.16129	-2.3588948	6.6521134	2.0730882	-30.810234	310000	3.051758e-08	8.370244	-0.030160278	-2.2403111	22.386036	0.01592915	0.1092	17.0	10724.928915977478
62	-13.47456	11.855203	4.244497	-36.921528	233.09525	-1.4863598	5.505794	3.065124	-30.442568	315000	-3.6621095e-08	12.248596	-0.013712799	-4.3489776	22.365204	0.014875919	0.144	5.0	10892.111099004745
63	-12.202174	10.037942	2.46577	-29.154873	202.125	-1.6400084	5.843762	2.957944	-32.781334	320000	-1.8310548e-08	10.315913	-0.044782307	-3.219204	22.377913	0.015224759	0.1568	57.0	11059.937930583954
64	-17.654366	14.789434	3.243366	-63.64295	178.42857	-1.9198254	6.4042807	5.044863	-28.983057	325000	4.5776368e-08	34.319958	-0.018216895	-16.26794	22.376396	0.016795743	0.1256	9.0	11228.311081647873
65	-17.026003	11.72065	0.10533808	-38.700073	172.78572	-3.0078306	8.504648	2.3737369	-41.10857	330000	-2.117157e-08	16.417816	-0.04975483	-7.6787577	22.393524	0.015425342	0.1784	57.0	11425.800286531448
66	-19.492361	10.48204	5.2499523	-39.935917	121.95122	-4.426752	8.924479	2.9616768	-36.5285	335000	-4.6539306e-08	16.989233	-0.043173324	-4.2364035	22.367077	0.015519821	0.1798	33.0	11595.816292524338
67	-17.603344	12.525534	5.5562377	-37.37799	149.90625	-2.6662889	7.8923244	3.2951226	-33.379173	340000	-2.1362304e-08	15.599589	-0.025608549	-4.2852488	22.3342	0.01627378	0.162	10.0	11764.824781417847
68	-13.191811	10.254246	3.8557544	-28.752338	204.875	-1.421708	6.318975	3.4330773	-38.32069	345000	-2.4414062e-08	12.973031	-0.048377097	-5.301922	22.344624	0.0150498245	0.1724	76.0	11932.708247184753
69	-13.402354	13.239295	5.192311	-41.620735	183.2963	-1.025043	5.5163713	3.290653	-32.927704	350000	-7.6293944e-08	18.753046	-0.02400712	-5.157854	22.296488	0.017549582	0.1176	12.0	12100.78899216652
70	-13.73294	13.413415	4.2809234	-50.13149	213.82608	-1.6890104	6.441938	3.8310957	-32.375507	355000	4.8828124e-08	15.341625	-0.036501985	-4.1139803	22.28989	0.015498938	0.1346	34.0	12296.968970537186
71	-13.981911	11.823498	4.4226356	-34.037212	183.55556	-2.0096548	7.4941726	3.616321	-37.536285	360000	2.1362304e-08	14.089824	-0.0345574	-4.372614	22.295334	0.0154851535	0.1474	23.0	12465.31997179985
72	-17.593288	9.133428	-1.5936404	-30.036543	169.10715	-2.0126126	6.838921	3.3540027	-31.395939	365000	-3.6621095e-08	12.014519	-0.02462373	-3.1786776	22.290564	0.016085282	0.1542	13.0	12633.834880590439
73	-17.560396	10.60107	1.9718586	-36.74593	149.5625	-2.6707435	7.7675457	2.2741978	-35.036274	370000	-1.2207031e-08	8.913134	-0.036398977	-1.5890975	22.325594	0.015354941	0.16	23.0	12802.877425432205
74	-15.70216	12.617768	1.887336	-37.106396	158.33333	-2.5862434	7.6282864	2.6113296	-31.347372	375000	-3.1280518e-08	18.295206	-0.02992791	-4.4485846	22.299591	0.015732907	0.1766	15.0	12971.256366491318
75	-20.517784	11.5824	1.4918226	-38.479683	145.20589	-3.7981582	8.766751	2.8941674	-36.39796	380000	-3.051758e-08	19.888607	-0.02265649	-6.2561865	22.318468	0.015930392	0.1192	11.0	13175.081544876099
76	-11.921408	10.893516	4.3895035	-40.398678	215.73914	-1.6568629	6.324031	2.4844923	-37.33711	385000	6.713867e-08	11.386293	-0.047563165	-3.6885357	22.296295	0.014967634	0.1688	58.0	13343.053639888763
77	-14.793166	11.192843	0.9566882	-35.91897	193.64	-2.003917	6.2666945	2.718912	-34.601646	390000	2.5939942e-08	10.173678	-0.026572585	-3.2934575	22.254204	0.017292568	0.1586	13.0	13511.142409086227
78	-13.697011	11.479543	3.9420266	-34.50795	204.33333	-1.3659598	6.117094	4.084348	-31.739954	395000	-1.2207031e-08	7.2300453	-0.02357936	-1.4314375	22.254282	0.016898993	0.1526	14.0	13679.262212514877
79	-13.591652	12.207305	5.2675643	-33.66208	198.96	-1.8860664	7.260301	3.098544	-40.939632	400000	3.6621095e-08	10.99128	-0.027257001	-2.8917837	22.221571	0.018529726	0.1268	10.0	13846.789409637451
80	-14.808049	11.941407	1.122767	-34.135235	205.41667	-1.4804752	6.4659357	5.704061	-31.18337	405000	-7.6293943e-10	14.789559	-0.039783686	-6.815125	22.257126	0.015125155	0.1494	35.0	14050.970988035202
81	-16.051977	11.213276	2.2680771	-32.333187	174.03572	-1.536374	6.642885	3.6051862	-27.860617	410000	-2.4414062e-08	7.805691	-0.025708212	-2.1044393	22.286304	0.015499417	0.152	11.0	14219.153977870941
82	-13.28052	12.077297	3.217291	-32.182877	170.67857	-1.510663	6.7831645	2.5936325	-36.69611	415000	1.7356873e-08	5.619395	-0.050333038	-1.1592574	22.286034	0.015320642	0.2072	76.0	14388.048791646957
83	-14.845599	10.459815	0.2596509	-30.833977	165.93103	-1.7291706	6.187167	2.5340712	-28.176573	420000	-2.2888184e-08	12.143166	-0.041546986	-4.128539	22.272142	0.015297158	0.1576	44.0	14556.534484148026
84	-12.723679	8.959592	1.7062354	-28.248579	224.45454	-0.98124367	5.764717	3.0585003	-34.42862	425000	-1.2207031e-08	6.6793656	-0.03842544	-3.206713	22.250837	0.016005173	0.182	36.0	14724.22984957695
85	-15.985458	11.83609	-1.7729771	-40.03668	173.53572	-1.9788791	6.908127	2.9782577	-41.674458	430000	4.234314e-08	13.543111	-0.041761953	-3.4924479	22.22666	0.015171527	0.187	52.0	14934.776675701141
86	-15.788033	11.483207	4.233375	-37.59568	170.82143	-1.4801704	6.3059683	3.4834707	-32.79745	435000	9.155274e-09	7.1703906	-0.02774174	-1.6452851	22.223774	0.01571858	0.1614	14.0	15103.388798236847
87	-14.363449	10.90005	0.8179459	-34.11063	176.25	-2.2979798	7.0450563	2.1444247	-42.55097	440000	4.2724608e-08	8.637451	-0.042274896	-3.2767372	22.23181	0.015081272	0.1662	49.0	15271.931508302689
88	-13.012867	10.6898365	3.509336	-35.947876	206.25	-1.3328494	5.437354	3.9973414	-27.372192	445000	-3.0517577e-09	12.027353	-0.026656026	-4.810493	22.240328	0.016182913	0.1526	12.0	15439.705314874649
89	-18.999777	11.084169	3.6735144	-40.853134	141.28572	-3.3240118	8.236991	3.783588	-37.693512	450000	-4.2724608e-08	16.487692	-0.022963116	-5.7340937	22.199883	0.01574201	0.1704	11.0	15608.802105903625
90	-17.661804	10.792289	1.3331101	-33.732624	167.10345	-3.234023	7.9011335	1.7077308	-46.95178	455000	3.0517577e-09	20.210602	-0.04010941	-6.6515846	22.220848	0.015239305	0.1742	27.0	15811.244911909103
91	-15.594568	11.291863	2.7930307	-30.878653	171.2069	-2.1965926	6.892831	2.1796587	-30.025646	460000	-7.93457e-08	10.49984	-0.036075704	-1.9210911	22.216637	0.016134193	0.1504	20.0	15979.666514873505
92	-12.859935	10.771	4.1528196	-30.519398	184.42308	-0.70353365	5.7003064	3.2150567	-45.87252	465000	6.103516e-08	7.384507	-0.04291565	-1.2382092	22.193466	0.01495827	0.1616	67.0	16147.930911779404
93	-13.836178	10.538699	0.20612873	-35.737522	210.17392	-0.7479721	5.670483	3.664858	-28.396507	470000	6.103516e-08	7.5785375	-0.029494006	-2.7364545	22.184898	0.015290213	0.1236	22.0	16315.878046035767
94	-16.951775	10.70821	1.8388803	-29.666872	145.82353	-2.5089388	7.355862	2.580635	-33.631336	475000	-3.6621095e-08	11.991919	-0.031756226	-2.437358	22.179226	0.016226877	0.132	16.0	16485.255289554596
95	-16.493944	10.92067	4.284076	-34.360264	148.84848	-2.2423246	7.5599217	3.6317062	-36.11944	480000	2.89917e-08	11.71408	-0.021980084	-2.363224	22.162962	0.018436521	0.1362	10.0	16704.265117406845
96	-16.195913	12.480318	4.0861483	-42.615734	167.31035	-1.4396985	6.7883005	3.496047	-34.36089	485000	-6.1035155e-09	19.033606	-0.030179853	-7.7338467	22.191254	0.016576236	0.1172	11.0	16872.54426240921
97	-17.388395	10.25797	2.108217	-31.521639	177.03572	-3.201777	8.643872	2.5003424	-44.9822	490000	6.866455e-08	15.368991	-0.03637697	-6.6826124	22.205284	0.015621799	0.1448	26.0	17041.25246834755
98	-13.731736	10.237219	-0.76718366	-31.983997	177.71428	-1.2760253	6.4853964	3.1004605	-35.762836	495000	2.822876e-08	6.582752	-0.04634196	-2.9008007	22.184984	0.015142546	0.1714	69.0	17209.847095489502
99	-19.357594	11.844807	2.7822685	-42.10385	119.6	-3.1522012	7.8839536	4.5654345	-34.96649	500000	-1.5258789e-09	21.686155	-0.025600297	-8.31838	22.159094	0.018519724	0.1502	11.0	17379.830826044083
100	-16.299366	11.180587	3.683809	-33.95283	148.75757	-2.394696	8.136116	3.9699996	-38.41775	505000	-1.2207031e-08	16.01131	-0.045711417	-3.9759827	22.156668	0.015332678	0.1666	51.0	17586.310051202774
101	-12.964486	11.552089	2.831491	-35.986298	197.33333	-0.08775027	5.3777866	3.5906332	-28.175083	510000	4.8828124e-08	8.357623	-0.041592393	-2.3855033	22.136744	0.015502492	0.1788	71.0	17754.6341714859
102	-15.074917	12.040406	0.35552815	-35.829556	180.22223	-1.5917904	6.8812776	3.4261167	-28.974041	515000	5.493164e-08	7.7730727	-0.03966632	-1.6609945	22.104473	0.016128697	0.1534	27.0	17922.928911924362
103	-18.415821	11.077301	3.1156526	-32.716034	139.29411	-3.0171056	7.769719	2.6465771	-35.26261	520000	-4.043579e-08	18.70715	-0.027590994	-4.9912415	22.153769	0.017197132	0.1068	12.0	18092.060423135757
104	-17.569962	12.47079	0.99897605	-46.868786	152.09677	-2.7496037	8.563288	2.697516	-37.63385	525000	-7.019043e-08	25.430716	-0.040679898	-8.947903	22.132912	0.015152216	0.1368	33.0	18261.05429148674
105	-14.406386	11.58957	4.55183	-29.270905	176.55556	-1.3152139	6.7533712	3.2052264	-34.486286	530000	-2.89917e-08	10.227177	-0.028186841	-2.9774127	22.122782	0.017090918	0.1452	14.0	18482.45224905014
106	-18.33363	9.682102	5.5620446	-31.629642	124.02631	-2.399482	8.209072	3.2271318	-34.797283	535000	-1.8310548e-08	11.526796	-0.040457893	-2.738737	22.101173	0.015442151	0.1692	32.0	18652.712537527084
107	-13.776205	11.088687	5.048222	-34.064693	161.9	-1.6267464	7.1878457	3.3148565	-37.168934	540000	-2.2888184e-08	11.907943	-0.04773898	-3.541358	22.115767	0.014937424	0.1748	79.0	18821.743860006332
108	-12.11124	12.967118	3.140586	-37.41253	208.08333	-0.77343076	5.794309	3.4606912	-34.002037	545000	1.7547608e-08	20.014471	-0.031201664	-6.383168	22.041107	0.01587102	0.1242	21.0	18990.009474039078
109	-13.063809	12.288693	4.033411	-32.130547	174.71428	-1.4538715	6.7591343	2.6752856	-35.200184	550000	6.1035155e-09	13.665859	-0.022295965	-3.4384823	22.054768	0.017854711	0.1406	11.0	19158.458307266235
110	-15.519921	10.330244	0.0913243	-32.55069	175.03572	-1.564415	7.500556	4.082877	-37.951298	555000	4.2724608e-08	8.338717	-0.051718567	-3.7817135	22.087923	0.009038134	0.1764	79.0	19363.403389930725
111	-13.689816	12.514586	2.7542157	-35.306248	172.32143	-1.5576234	6.2388177	3.3338637	-29.512045	560000	4.8828124e-08	19.327522	-0.0291312	-7.6543436	22.053396	0.0152558945	0.1022	14.0	19531.900437116623
112	-12.934819	11.401113	3.0548508	-35.296013	191.57692	-0.97510487	6.2885685	3.4345024	-28.90421	565000	-4.2724608e-08	11.246929	-0.04056813	-1.8864069	22.053907	0.015051068	0.1436	45.0	19700.277961730957
113	-16.82982	10.792046	1.2503395	-34.721363	169.2069	-1.5375508	6.6674423	4.6890826	-27.4802	570000	6.1035155e-09	12.98334	-0.024583865	-3.8369875	22.038843	0.018290764	0.1598	9.0	19869.3086707592
114	-14.237847	10.7191925	2.4491467	-34.942917	216.73914	-1.1338102	6.764914	3.9902213	-31.628054	575000	2.4414062e-08	11.4037	-0.04551595	-3.8518639	22.075212	0.014957831	0.1698	71.0	20037.04915213585
115	-16.77277	11.640114	1.9930394	-34.041904	157.45161	-2.7043324	7.5139155	2.662964	-30.2532	580000	6.1035155e-09	17.089865	-0.042939004	-5.764045	22.024632	0.015384091	0.1814	32.0	20250.301020145416
116	-12.524331	10.147492	3.551826	-26.590195	194.64	-0.9047197	6.0063877	3.6044788	-28.372515	585000	9.155274e-09	5.7689323	-0.027851185	-1.6409016	22.015495	0.01556376	0.1272	18.0	20418.689784288406
117	-15.211883	11.709413	1.6861291	-42.352936	178.40741	-1.7406873	6.6945534	3.2486324	-29.838465	590000	-3.051758e-08	11.325159	-0.026731538	-2.9156103	21.994032	0.016338622	0.1442	12.0	20586.986281871796
118	-12.270074	9.796142	4.1053843	-32.5764	225.54546	-0.88781554	5.4982815	3.5029914	-28.005018	595000	-6.1035155e-09	7.323511	-0.034442984	-1.9555273	22.038143	0.015330845	0.1356	25.0	20755.01090812683
119	-12.947883	11.940028	3.8531125	-37.897457	173.14285	-1.2191515	6.4112043	3.272947	-32.190186	600000	-3.051758e-08	11.398647	-0.04434128	-2.1852713	22.048504	0.015182843	0.162	50.0	20923.946040391922
120	-13.687961	12.508778	3.0770304	-32.985	197.56	-0.96483904	5.851262	4.7171636	-30.199512	605000	9.765625e-08	12.389549	-0.029914275	-4.8348694	22.062742	0.015148132	0.1288	18.0	21144.763586759567
121	-15.087944	10.622067	0.172848	-30.698658	182.33333	-1.6535382	6.836492	3.9276605	-35.902424	610000	-1.8310548e-08	11.611218	-0.0476729	-2.254734	22.024538	0.0148558635	0.1892	61.0	21313.2781188488
122	-14.672523	11.375542	3.3249867	-32.53218	174.2963	-1.8410097	7.298237	4.749517	-38.556618	615000	3.0517577e-09	10.449999	-0.048570532	-3.4926581	22.005068	0.015416513	0.1836	56.0	21481.99274277687
123	-15.434656	12.9009905	5.2928576	-38.815964	149.9375	-1.4170449	6.762581	4.56423	-30.710112	620000	-5.493164e-08	17.331003	-0.021239903	-8.340876	21.952192	0.017543182	0.1748	9.0	21650.750469207764
124	-12.94492	10.51351	1.3582107	-33.85332	198.24	-1.2717469	6.1416793	3.418767	-31.263916	625000	3.051758e-08	16.327976	-0.031836808	-6.3590517	21.953825	0.015559873	0.1428	22.0	21819.264815568924
125	-14.521026	9.291495	0.8301311	-31.323797	193.52	-0.6918864	6.107595	4.09737	-32.06167	630000	-4.5776368e-08	9.498247	-0.014541965	-2.1712518	21.967165	0.014899944	0.1412	4.0	22040.119307279587
126	-16.381037	11.249624	3.3555703	-35.8004	163.89655	-1.8246112	7.368499	3.6152017	-35.408157	635000	0.0	14.786378	-0.03257628	-4.2963076	21.976116	0.015538995	0.1112	16.0	22208.63404583931
127	-13.148228	9.912267	0.1266404	-29.410976	192.4	-0.70485044	5.48733	3.7299118	-31.742119	640000	-4.4250488e-08	7.1083264	-0.033395432	-2.2941208	21.98599	0.017344583	0.1582	19.0	22376.63419651985
128	-14.737694	12.1061945	1.8813604	-41.20952	178.48148	-1.8427266	6.6724863	2.5421658	-32.399853	645000	-9.155274e-09	13.84014	-0.04272556	-4.834468	21.952627	0.015312952	0.16	42.0	22545.1799993515
129	-17.912054	11.823936	1.4355518	-40.27036	143.35294	-2.3459988	8.057738	4.4965506	-33.58932	650000	-6.1035155e-09	12.909646	-0.027368665	-4.4731674	21.951149	0.015107485	0.1462	13.0	22714.534283638
130	-17.60267	12.0568285	-0.944633	-45.24514	176.57143	-2.2294478	7.471965	3.1346755	-36.086876	655000	7.781983e-08	13.502286	-0.024732914	-5.420578	21.930801	0.016249232	0.1264	10.0	22928.210752487183
131	-13.601293	11.222981	3.1766818	-32.07679	176.0	-1.7300806	6.713421	2.711655	-33.23673	660000	-2.2888184e-08	15.135067	-0.047614787	-4.4876337	21.894037	0.015313161	0.1854	79.0	23096.797399282455
132	-17.188812	12.550746	2.293633	-43.893272	145.32353	-2.70799	8.266096	4.1493907	-34.860806	665000	-1.525879e-08	12.573955	-0.0460605	-3.5907068	21.934021	0.0153422365	0.177	47.0	23265.36863231659
133	-11.895301	11.038402	4.225549	-32.660465	214.04546	-1.3406007	6.2648373	4.695633	-37.21894	670000	4.2724608e-08	15.81694	-0.036606584	-6.099845	21.938137	0.015115305	0.1408	30.0	23433.086939573288
134	-8.918772	10.061629	3.1819768	-29.17417	235.5238	-0.38292548	4.8988557	4.361662	-29.63679	675000	6.1035155e-09	9.564273	-0.037636917	-2.2766643	21.9509	0.015011978	0.1388	38.0	23600.742249965668
135	-13.830323	11.3038435	0.8899144	-40.400963	199.8	-0.5186743	5.2435713	5.4410605	-30.924995	680000	-3.6621095e-08	12.1797285	-0.029957494	-4.2469487	21.901443	0.017984472	0.17	11.0	23813.907628059387
136	-15.651387	10.705481	-2.3597953	-37.50789	206.66667	-1.3643775	6.0106773	4.109892	-30.327095	685000	-6.1035155e-09	10.662236	-0.039450794	-3.5059724	21.903978	0.015095374	0.1512	30.0	23981.860458374023
137	-11.740584	9.514754	1.958939	-28.128548	204.73914	-1.1125393	5.0120215	4.229015	-27.74445	690000	1.9836426e-08	10.822838	-0.047836576	-3.7155824	21.901535	0.015080884	0.1816	58.0	24150.053790807724
138	-11.065149	10.103908	3.5032463	-30.46684	211.43478	-0.8578762	5.0379944	2.6134925	-29.61391	695000	8.5449216e-08	5.427153	-0.048739213	-2.0012844	21.882912	0.013499893	0.1766	79.0	24318.079018115997
139	-15.094091	13.587195	1.7172946	-36.848522	193.36	-1.4134477	5.3731046	4.0661206	-28.663342	700000	-2.5939942e-08	22.605524	-0.02017375	-10.542408	21.92626	0.016518774	0.1418	6.0	24486.18394947052
140	-15.344212	9.357233	2.8019338	-27.711498	167.17241	-1.9240904	6.236148	2.4506195	-33.710094	705000	-2.746582e-08	9.575959	-0.042372946	-2.0383043	21.896385	0.015478806	0.158	34.0	24691.105674743652
141	-15.018699	11.889692	0.47908813	-31.617205	158.2	-2.240856	7.2873096	1.9961233	-34.790207	710000	2.5939942e-08	8.517999	-0.032061853	-2.0445232	21.924444	0.01597718	0.1574	20.0	24859.77921271324
142	-12.4109745	10.923611	4.0733852	-30.56938	175.53572	-1.7928151	6.8527455	2.313617	-32.745735	715000	-1.2817382e-07	12.02337	-0.05154463	-4.164358	21.868706	0.012775882	0.191	79.0	25028.657263040543
143	-16.312325	10.571029	0.012953762	-34.06779	159.13333	-1.1266052	6.7043147	4.0210347	-30.285582	720000	-1.0681152e-08	9.74482	-0.033420485	-3.0003023	21.854677	0.015919803	0.1318	19.0	25197.54571914673
144	-16.755213	11.824851	0.81623584	-34.6876	160.48387	-1.8232609	7.090637	3.8245423	-36.33055	725000	-6.2561035e-08	15.373369	-0.024946993	-5.7921257	21.856785	0.017055148	0.1574	9.0	25366.29661655426
145	-13.566142	11.849481	1.2196262	-37.092808	201.45833	-1.7535756	6.866333	2.550806	-34.62305	730000	-3.0517577e-09	19.862383	-0.04682691	-9.410212	21.855507	0.014997261	0.1622	60.0	25569.89050412178
146	-15.859998	11.352635	2.3706903	-38.575928	167.41379	-2.0416183	8.04302	3.8901384	-48.066143	735000	-9.918213e-09	12.654241	-0.031870145	-5.8857408	21.864054	0.016417524	0.1292	19.0	25738.346796035767
147	-14.439722	11.002971	3.1015358	-33.64856	175.46428	-1.4235727	6.469278	4.4595966	-35.938877	740000	-7.324219e-08	11.512039	-0.024581837	-3.6802616	21.872854	0.016713368	0.1314	9.0	25906.877071380615
148	-15.647958	9.381358	-1.536518	-29.333202	181.03847	-2.0634727	6.5509043	2.8615055	-30.84947	745000	-6.1035155e-09	10.176581	-0.046004973	-3.1851258	21.847364	0.015110794	0.1762	41.0	26075.2730448246
149	-16.986685	10.306489	-0.2505524	-32.881283	165.3	-2.0016232	6.6733537	2.7712681	-29.671877	750000	0.0	12.678658	-0.026919922	-4.580043	21.854216	0.016954489	0.125	12.0	26244.08777499199
150	-15.560345	10.903728	-0.7009785	-29.36313	158.3	-1.4482194	6.6957383	2.5571146	-31.175512	755000	3.3569336e-08	5.874682	-0.026830358	-1.5178423	21.851044	0.015824104	0.1886	13.0	26451.2195019722
151	-14.525717	10.930868	1.3765264	-32.50127	170.21428	-1.6002812	6.151216	3.2994595	-29.872698	760000	-3.6621095e-08	13.623507	-0.024237668	-3.4079523	21.866756	0.016013285	0.13	11.0	26619.387122154236
152	-16.790688	12.043174	1.5788512	-33.839287	134.89189	-2.4585488	8.230443	3.3578973	-33.48883	765000	3.0517577e-09	18.109997	-0.026841734	-4.739973	21.856153	0.016296206	0.172	13.0	26789.092267990112
153	-14.736292	10.214238	-0.8863705	-28.990316	182.96297	-1.8126508	7.165382	2.979419	-45.468555	770000	-4.2724608e-08	11.502647	-0.040222626	-4.30173	21.847591	0.015366925	0.1698	30.0	26957.188923597336
154	-15.882273	12.223053	2.081439	-34.015697	143.18182	-2.2099066	7.5739	3.3849995	-33.115868	775000	-5.722046e-10	13.646644	-0.038328234	-3.743248	21.83393	0.015839545	0.155	24.0	27126.36286020279
155	-15.106402	11.382408	3.555143	-32.41307	173.96428	-1.254997	7.6167183	3.7271624	-34.486156	780000	-2.746582e-08	8.407454	-0.022914566	-2.105001	21.846378	0.017109554	0.1828	9.0	27339.62330341339
156	-10.38895	10.23501	4.2057242	-30.796284	221.27272	-0.29904687	5.3038177	3.3284607	-32.315475	785000	3.8146972e-08	9.358703	-0.046438564	-3.543944	21.839157	0.012917145	0.1612	79.0	27507.169857025146
157	-17.138136	14.798247	2.3221803	-52.895004	178.0	-1.4160177	6.660719	4.685013	-33.833763	790000	6.408691e-08	33.004017	-0.017591158	-16.411507	21.833128	0.01670313	0.1174	6.0	27675.687300920486
158	-11.294276	12.012306	3.5558877	-46.427967	225.7619	-1.432156	6.334144	2.5443065	-34.741714	795000	6.5612795e-08	10.434339	-0.050153706	-4.489419	21.80228	0.011393815	0.1908	79.0	27843.520569562912
159	-15.835817	9.859001	4.7475667	-29.89178	189.0	-1.8029917	7.043357	3.2826815	-35.15327	800000	7.629395e-09	5.8726416	-0.025180068	-1.3571458	21.784618	0.016630886	0.1296	12.0	28011.570536136627
160	-7.9391065	9.991727	5.22234	-30.534895	235.2381	-0.25561225	4.4651084	2.774268	-31.127918	805000	-1.2207031e-08	5.007531	-0.044967342	-1.4856284	21.79077	0.007830756	0.1738	79.0	28220.729625940323
161	-11.903818	9.327946	5.019989	-29.412611	212.21739	-0.28709272	4.6800923	3.356152	-27.639008	810000	-5.493164e-08	7.827261	-0.03642624	-1.2359343	21.770166	0.016982058	0.1616	26.0	28388.54878425598
162	-14.414248	11.177637	2.3857653	-37.471455	206.83333	-1.0255772	5.227431	3.7931263	-28.046854	815000	-2.4414062e-08	18.396826	-0.020840082	-7.167156	21.730045	0.016261421	0.1584	8.0	28556.845390319824
163	-12.641833	11.209263	2.8712716	-30.730267	194.12	-1.2233554	6.2164693	2.9139876	-48.310764	820000	8.239746e-08	9.208862	-0.032995082	-4.4429693	21.747114	0.016619284	0.1558	18.0	28725.157878398895
164	-11.965272	11.088898	4.161017	-34.734344	206.29167	-0.824819	5.477043	3.2688286	-34.317875	825000	-9.4604495e-08	8.62625	-0.035288513	-2.0446863	21.751556	0.015045932	0.1328	34.0	28893.3229367733
165	-13.468874	11.420065	5.2952213	-30.58109	174.74074	-0.7308562	5.202751	3.473223	-26.155037	830000	0.0	15.465919	-0.024719788	-4.8368864	21.714108	0.015783768	0.1046	11.0	29102.10522532463
166	-14.793326	11.533315	0.9085614	-33.56928	170.3793	-1.2560145	6.482916	3.9013703	-29.188526	835000	6.1035155e-09	12.922291	-0.038106307	-3.5517273	21.721117	0.015617604	0.16	32.0	29270.784606933594
167	-14.964463	10.973585	3.6228948	-29.113098	154.67741	-1.8621949	7.3354936	3.8352609	-32.46861	840000	-5.569458e-08	12.074142	-0.04143243	-2.9852772	21.747131	0.015118782	0.1774	26.0	29439.706207036972
168	-14.784288	12.176071	3.6445656	-34.96052	174.46428	-0.96211475	6.892597	3.8417816	-34.393143	845000	3.3569336e-08	8.573069	-0.03236555	-3.1466432	21.728643	0.016353767	0.1082	17.0	29608.53683423996
169	-16.23564	12.633904	4.993086	-39.03973	155.84375	-2.4467292	7.984997	2.9176285	-31.451498	850000	6.1035155e-09	14.083409	-0.03685281	-4.2109966	21.720966	0.015267902	0.1536	26.0	29777.390590906143
170	-16.308989	10.610453	2.3923836	-31.634039	142.32353	-1.5526656	7.7111616	4.041672	-54.142895	855000	-4.119873e-08	12.577488	-0.031032788	-2.8420868	21.67715	0.016139314	0.1648	15.0	29989.258650541306
171	-15.283442	11.260522	3.188774	-31.78886	144.0303	-1.6514709	7.2867813	3.395814	-30.608799	860000	-4.2724608e-08	9.640017	-0.022113323	-1.8601179	21.667038	0.01595699	0.1404	9.0	30158.13727426529
172	-14.771249	11.963616	3.9018676	-31.298954	134.72223	-1.5737282	7.349975	3.8977146	-31.073217	865000	-3.051758e-08	11.248904	-0.04406341	-2.9298515	21.729563	0.015549846	0.1654	41.0	30327.59861254692
173	-14.466581	12.643146	4.583456	-50.63691	160.35484	-0.95031106	7.3637676	5.4266653	-32.882557	870000	5.493164e-08	18.053856	-0.03367964	-5.906885	21.664576	0.015447708	0.152	22.0	30496.219329833984
174	-12.9929905	12.196892	4.8516884	-32.229156	187.96153	-0.85689384	7.1014147	5.3651714	-40.268097	875000	1.2207031e-08	10.433166	-0.028468683	-2.3597803	21.671297	0.016131816	0.1264	15.0	30664.45336174965
175	-16.513985	12.366131	4.889273	-33.875244	127.23077	-2.368404	8.432078	4.1357126	-35.74167	880000	-5.79834e-08	16.129417	-0.026213342	-3.5288382	21.702818	0.017435543	0.13	11.0	30872.192595481873
176	-13.623302	13.2180395	4.4262633	-37.784203	151.12122	-1.3613046	8.263482	4.9464655	-40.4034	885000	0.0	13.240983	-0.04157703	-4.158017	21.70839	0.015316968	0.159	30.0	31041.653499364853
177	-14.304027	11.482514	-0.051003903	-41.995655	179.88889	-0.9709676	7.2932787	5.050342	-34.97481	890000	9.155274e-09	12.561254	-0.03954658	-3.557207	21.73659	0.015764913	0.1654	23.0	31209.612272262573
178	-14.045564	11.306189	4.0748186	-31.575039	171.64285	-1.0938702	6.493583	4.173661	-38.059006	895000	-3.6621095e-08	15.678363	-0.03073937	-3.9336548	21.710533	0.016119689	0.1424	17.0	31378.35221505165
179	-13.660384	10.344279	3.5148597	-30.857836	170.86208	-1.7977481	7.6306143	4.3660645	-37.778088	900000	-1.2207031e-08	15.539225	-0.053388942	-8.506853	21.717731	0.015262138	0.1914	66.0	31547.13309288025
180	-16.655512	11.684583	2.2536697	-32.476818	160.32259	-1.1109701	6.338027	4.569811	-29.622353	905000	5.79834e-08	18.66732	-0.025637722	-6.5957804	21.681509	0.016277878	0.1074	9.0	31756.984743118286
181	-17.411205	12.767891	3.8273413	-39.937923	129.8108	-2.9237123	8.754868	3.3415556	-39.609436	910000	9.4604495e-08	18.71169	-0.027146952	-7.041461	21.64127	0.016606988	0.1652	10.0	31926.6934401989
182	-12.392922	13.33583	4.383326	-40.603313	167.44827	-1.1281109	7.007689	3.2771463	-33.491947	915000	-3.0517577e-09	16.728977	-0.02971255	-4.340515	21.664486	0.016767109	0.1358	16.0	32095.751561641693
183	-11.91214	13.135491	5.5877767	-38.83751	166.55173	-0.56378025	6.8548727	4.095703	-37.6265	920000	2.746582e-08	17.701422	-0.046804175	-7.617629	21.675728	0.014915768	0.1784	60.0	32264.268038988113
184	-11.215201	10.431329	3.2622418	-27.753454	187.23077	0.59473425	5.441461	5.234293	-28.649708	925000	-7.324219e-08	10.238988	-0.03702406	-2.3567424	21.663235	0.015328525	0.144	29.0	32433.03248643875
185	-16.294666	11.585754	4.2595196	-35.758873	141.14285	-1.4653955	7.535499	4.523716	-34.292877	930000	-5.9509276e-08	13.359136	-0.035224322	-3.5353909	21.65495	0.015349386	0.1468	20.0	32632.069687366486
186	-12.245059	10.975012	6.1290145	-29.038923	205.70833	-0.2877328	6.4596014	4.282805	-36.42469	935000	6.103516e-08	7.0819836	-0.0449009	-1.537106	21.640781	0.013882797	0.1698	79.0	32800.46523523331
187	-13.173349	10.347398	2.3352995	-32.64133	162.86667	-0.8318957	6.557714	4.366324	-31.95919	940000	-1.525879e-08	9.274867	-0.034185875	-1.8294821	21.618065	0.016040733	0.1412	25.0	32969.243529081345
188	-17.022816	12.132101	4.7351604	-34.249474	138.61765	-1.3519368	6.9913397	4.0703115	-30.550062	945000	4.8828124e-08	23.45448	-0.022759264	-12.461082	21.615309	0.01596741	0.1406	10.0	33138.610582351685
189	-14.141702	11.366872	3.2642834	-35.270424	168.27586	-1.7449963	8.0141115	4.0655017	-33.853474	950000	7.476807e-08	14.9935875	-0.043732625	-5.76322	21.621275	0.015925124	0.189	36.0	33307.37022662163
190	-15.994427	11.143233	3.0500748	-30.846102	139.94286	-0.5931179	7.582103	5.3767967	-33.17979	955000	7.324219e-08	10.929526	-0.027118774	-3.1924996	21.580238	0.018097214	0.148	12.0	33520.09439277649
191	-15.6374235	11.631285	1.8881154	-39.074276	165.3	-1.5978947	7.840531	4.1777596	-31.980318	960000	4.5776368e-08	20.0841	-0.033951707	-5.367199	21.57258	0.01535621	0.148	21.0	33688.708877801895
192	-12.291139	10.281914	0.6707975	-31.43314	175.40741	-0.045232177	6.768504	5.1192455	-33.117577	965000	-4.2724608e-08	11.173921	-0.04426237	-2.5876694	21.597345	0.0149666425	0.1772	50.0	33857.41674351692
193	-9.330148	10.621984	4.6449323	-29.544128	189.11539	0.7297246	5.4759355	5.0586524	-28.034977	970000	-1.525879e-08	9.903057	-0.02428142	-2.7809381	21.586958	0.013270942	0.1392	11.0	34025.88179779053
194	-14.1725235	9.337526	-0.14069527	-25.810045	176.33333	0.32814834	5.9044094	5.9622245	-28.962135	975000	-3.051758e-08	10.41514	-0.026471071	-3.9239993	21.589104	0.016792947	0.1364	11.0	34194.267496585846
195	-14.036671	11.583111	4.367542	-28.946268	140.41176	-1.1456552	7.215169	5.535513	-33.740376	980000	-3.051758e-08	11.324153	-0.024638593	-2.5092592	21.563646	0.016463034	0.1208	11.0	34399.64722275734
196	-15.319542	12.028019	4.1425138	-31.320923	144.85294	-1.0482364	7.2088194	4.115867	-32.460155	985000	-4.8828124e-08	10.742609	-0.025961872	-2.067525	21.585104	0.01576209	0.1426	14.0	34568.658858537674
197	-19.0151	13.6693125	3.61484	-60.321663	147.0	-2.5355647	8.520349	4.0792446	-36.635487	990000	4.8828124e-08	30.555313	-0.02585061	-10.304152	21.596863	0.01724963	0.1438	11.0	34738.18834209442
198	-8.458897	9.378781	3.9116166	-28.247437	226.0	0.06726906	6.0412264	4.472649	-28.485575	995000	6.103516e-08	12.298077	-0.046268694	-4.1543045	21.588488	0.01580031	0.2012	53.0	34906.26356673241
199	-14.631919	15.064089	2.6608927	-69.22052	160.6129	-0.44641012	7.217391	4.8487306	-30.579506	1000000	-7.93457e-08	39.30556	-0.025250377	-22.06773	21.537388	0.016087543	0.1194	9.0	35075.131816864014
200	-15.552649	13.856446	6.525769	-40.83252	143.55882	-1.6445502	9.700266	5.918375	-50.06439	1005000	8.5449216e-08	18.208597	-0.025002308	-6.93923	21.528692	0.016520891	0.1152	9.0	35269.84016942978
201	-17.055447	10.062334	4.688856	-30.718315	131.10811	-2.2111444	9.4291315	4.886685	-38.188057	1010000	-1.6784668e-08	19.528816	-0.04992674	-8.135571	21.566288	0.015311183	0.199	41.0	35439.31184005737
202	-18.45429	12.291274	5.967686	-40.255146	128.55263	-2.1963382	9.061926	5.220346	-45.14691	1015000	-3.6621095e-08	23.055769	-0.029041883	-7.3399925	21.555115	0.015830226	0.1308	11.0	35609.15438127518
203	-13.685395	13.590826	4.859245	-38.03441	161.86667	-1.3789355	8.255784	4.1863484	-33.137257	1020000	5.493164e-08	14.850172	-0.03829342	-4.1093616	21.53481	0.015438966	0.1766	29.0	35777.366934776306
204	-16.69808	12.361573	2.8633833	-38.228485	122.76923	-2.1493602	9.827511	6.682221	-41.753895	1025000	7.324219e-08	18.034634	-0.03273619	-4.053402	21.529984	0.015966626	0.1554	20.0	35947.36508345604
205	-18.009783	10.584548	5.6382136	-36.17124	111.545456	-2.3150156	8.804536	5.6876807	-38.263264	1030000	-1.8310548e-08	20.151669	-0.026371326	-6.533412	21.527775	0.015787462	0.1442	11.0	36159.82326292992
206	-16.387268	12.676511	5.3809175	-36.123356	145.23529	-2.1150422	9.006418	4.62159	-38.103985	1035000	-3.967285e-08	14.246987	-0.057049893	-3.340538	21.510504	0.011802	0.2272	79.0	36329.22324323654
207	-15.281425	10.948552	0.24328668	-32.560196	170.48276	-1.4402217	7.4258227	4.2231684	-30.416355	1040000	3.3569336e-08	14.049736	-0.036099814	-3.3177109	21.553135	0.016464045	0.1594	19.0	36497.84917974472
208	-17.409311	12.537098	3.7207239	-40.354202	150.63637	-1.9381695	7.8189836	6.400719	-41.150837	1045000	7.6293944e-08	21.150602	-0.021114087	-6.971093	21.513914	0.016224243	0.0972	7.0	36666.97998833656
209	-16.784134	12.581849	1.2796888	-38.352325	125.10256	-2.6629016	9.748008	6.754975	-34.268932	1050000	8.5449216e-08	18.764164	-0.048710577	-5.8211613	21.559767	0.015212762	0.205	47.0	36837.07021641731
210	-16.85574	12.335404	4.356617	-38.866512	122.25641	-1.4762943	9.038782	5.8037424	-40.464634	1055000	7.6293944e-08	17.183893	-0.02853296	-4.6362896	21.54579	0.015794141	0.1622	11.0	37043.38645195961
211	-14.875552	13.078145	3.9507875	-36.02706	152.0625	-0.2302711	8.11946	6.527474	-34.440758	1060000	3.8146972e-08	16.126774	-0.026611174	-4.3650017	21.556791	0.015819194	0.1434	12.0	37212.64573454857
212	-12.717979	12.37165	5.260888	-33.48293	141.42857	0.034238208	7.340123	6.1338015	-30.32968	1065000	-7.171631e-08	9.372688	-0.044176627	-1.4799352	21.484169	0.01522504	0.169	44.0	37381.97787261009
213	-13.563169	11.145431	4.152843	-30.253145	153.32259	-0.29978794	7.256894	5.9000134	-37.44561	1070000	8.5449216e-08	15.760872	-0.027742323	-4.563491	21.516275	0.016496409	0.1728	12.0	37550.65855407715
214	-15.770018	10.556963	4.2087984	-32.817234	130.92105	-1.516024	7.683714	4.741581	-29.277647	1075000	-9.307861e-08	15.6410265	-0.019702356	-3.4479923	21.485594	0.01813399	0.1174	7.0	37720.46316075325
215	-14.108431	13.163917	2.8706386	-55.077858	162.06667	-1.3982971	7.996865	4.39526	-36.2723	1080000	1.14440915e-07	18.436657	-0.054554157	-5.783185	21.470726	0.015085193	0.2148	77.0	37929.617184877396
216	-16.87887	12.579106	2.3956044	-36.17752	118.439026	-3.0961645	10.065163	5.0679955	-45.4984	1085000	-2.4414062e-08	22.6164	-0.039302353	-5.7479706	21.451876	0.016486777	0.1604	21.0	38099.80861711502
217	-15.103187	10.563179	1.3410026	-31.590187	152.9375	-0.05893568	7.191943	5.376818	-33.863518	1090000	-4.2724608e-08	13.589453	-0.033740003	-3.5930433	21.470402	0.01696615	0.134	19.0	38269.080904722214
218	-12.633868	11.655714	5.8181105	-35.394463	169.42857	-0.9403455	7.401643	4.866302	-30.800093	1095000	3.967285e-08	10.103781	-0.041831106	-2.9351497	21.496075	0.015403805	0.1648	43.0	38437.446407556534
219	-12.929958	11.069601	5.0759854	-32.95391	155.54839	-0.6896615	6.4120727	3.9783876	-32.150276	1100000	9.155274e-09	12.927705	-0.026150879	-3.1793861	21.44715	0.015589328	0.1474	14.0	38606.506759405136
220	-12.0694895	10.979787	4.307654	-32.645786	174.18518	-0.6234711	6.624393	4.3030596	-36.797813	1105000	2.4414062e-08	9.913452	-0.045338925	-1.9288616	21.478472	0.015101285	0.169	42.0	38814.15295958519
221	-17.126049	11.828132	4.5129347	-32.62196	121.1	-1.4193219	8.266413	5.7197933	-33.61075	1110000	4.119873e-08	12.256393	-0.02758505	-3.1050224	21.436514	0.016632913	0.1622	11.0	38984.37255716324
222	-13.143716	12.935658	4.405563	-40.605045	131.08333	-0.87405646	7.591267	5.2003345	-33.137825	1115000	-1.2207031e-08	11.893645	-0.024602637	-3.1000519	21.390053	0.016809564	0.157	10.0	39153.92093014717
223	-13.6709585	12.105033	4.1169662	-33.69344	142.37143	-0.6889393	8.811991	5.41819	-36.75263	1120000	2.4414062e-08	14.102686	-0.051169068	-3.1380062	21.436476	0.014635988	0.1908	65.0	39323.58651924133
224	-14.913977	12.563245	4.362276	-31.733696	134.77142	-0.6035423	7.0149117	5.3661504	-30.73691	1125000	6.2561035e-08	21.009735	-0.022391701	-7.4023104	21.41274	0.016521698	0.1318	8.0	39493.16355228424
225	-15.694618	12.706631	4.837007	-31.752447	129.07895	-2.6145344	9.536076	4.9478455	-36.389545	1130000	7.324219e-08	23.690264	-0.03162241	-10.078385	21.398905	0.017495066	0.1908	12.0	39703.761936903
226	-13.952148	13.474264	3.928864	-47.104412	140.4	-0.54810613	8.0124445	6.208154	-34.470142	1135000	-2.746582e-08	23.286604	-0.029602382	-6.5947037	21.375381	0.01630598	0.153	21.0	39873.19114923477
227	-11.977194	13.5819025	4.6402364	-38.63113	150.60606	-0.8108479	8.355593	5.2818418	-40.36613	1140000	-2.1362304e-08	25.763117	-0.030855719	-9.645754	21.355385	0.01670641	0.126	15.0	40042.56940674782
228	-11.259556	12.350115	3.5197334	-28.673214	148.28125	0.7993438	7.9641457	8.27583	-37.35661	1145000	4.8828124e-08	10.975937	-0.035007812	-3.6831932	21.403025	0.015804844	0.1628	20.0	40211.66755104065
229	-9.320182	10.435748	3.0899365	-26.96047	230.85715	1.2696756	5.9595675	5.78462	-33.735054	1150000	7.324219e-08	10.336611	-0.042421628	-2.7147875	21.39449	0.015430006	0.1578	48.0	40379.10399675369
230	-14.358585	11.806482	4.3722305	-34.075356	166.2069	-0.14135244	7.1725936	5.033874	-30.568895	1155000	9.155274e-09	13.000528	-0.027798869	-2.361331	21.381834	0.015849508	0.1196	11.0	40584.20002055168
231	-18.19448	11.964934	4.5075746	-41.95677	131.36842	-2.752589	9.286868	4.815217	-39.04309	1160000	-6.1035155e-09	16.835537	-0.033619158	-5.412286	21.397694	0.017063472	0.1606	17.0	40754.15423107147
232	-14.933068	12.231144	4.5885916	-36.431187	131.52777	-2.1753097	9.092722	4.194039	-32.054287	1165000	2.746582e-08	17.471588	-0.01407015	-4.208688	21.383213	0.012904949	0.1058	4.0	40923.47897052765
233	-11.241855	12.938967	4.58959	-33.582893	171.65517	-0.20523311	7.2587724	4.5810575	-35.093735	1170000	4.8828124e-08	16.336823	-0.03790592	-5.9184847	21.377094	0.015600223	0.1452	22.0	41092.18591070175
234	-13.626502	13.30121	5.5760775	-36.78448	159.25807	-0.43391153	7.6655626	5.104911	-32.651505	1175000	1.2207031e-08	16.674822	-0.023454841	-5.7186775	21.371876	0.018653486	0.1862	8.0	41260.957601070404
235	-13.076478	10.699486	2.0544825	-32.249214	191.4	0.23534812	6.64198	5.4783683	-30.406353	1180000	-4.8828124e-08	11.526996	-0.029125271	-3.1582003	21.360407	0.016431915	0.1614	18.0	41460.0480158329
236	-14.998904	12.451401	4.581765	-38.82517	142.35294	-1.0450301	8.288099	5.2843966	-31.249084	1185000	5.493164e-08	11.626839	-0.03189909	-2.763053	21.386106	0.015919764	0.1326	15.0	41629.22167849541
237	-14.930113	11.907897	4.653967	-30.244411	150.84375	-0.72366136	7.45265	4.8368206	-38.62963	1190000	3.967285e-08	15.774356	-0.015951175	-5.2542477	21.351963	0.015105504	0.117	4.0	41798.33532047272
238	-14.000433	13.401582	6.065637	-34.401573	152.15625	0.1112652	7.123842	6.117446	-34.30476	1195000	9.1552735e-08	17.259346	-0.016944619	-5.53893	21.316488	0.015152333	0.1208	6.0	41967.598428726196
239	-12.198687	13.443737	3.8167386	-36.919106	142.97058	-0.67485225	8.840648	5.740864	-35.515347	1200000	-5.493164e-08	17.482279	-0.03113509	-7.21523	21.379913	0.015938358	0.1478	15.0	42137.302596092224
240	-17.91425	11.6349745	5.013135	-38.47186	121.17073	-2.0746808	10.48457	5.9953823	-37.475475	1205000	-8.31604e-08	16.295622	-0.022589818	-4.3624344	21.360956	0.014959125	0.2086	8.0	42345.44290757179
241	-11.1980915	11.059556	2.898057	-30.50397	186.65384	1.1648551	7.044398	6.0054407	-33.023483	1210000	2.4414062e-08	11.668066	-0.046929915	-3.5726242	21.32547	0.011336265	0.192	79.0	42513.99841761589
242	-13.98611	11.868522	4.7650776	-31.751047	150.9697	-0.6277744	8.073828	5.31586	-34.70286	1215000	6.713867e-08	11.61068	-0.025962653	-2.9080248	21.356674	0.015312395	0.1122	10.0	42683.136273384094
243	-16.212917	12.052324	3.5166872	-35.088123	124.625	-1.6370487	8.44216	5.3035235	-31.109144	1220000	-6.0272214e-08	17.295647	-0.029246138	-5.3404636	21.324709	0.019742744	0.1544	12.0	42853.41459774971
244	-19.990728	10.061452	1.3803254	-32.272263	104.145836	-3.5947227	10.376759	5.005761	-35.534466	1225000	-3.5858154e-08	18.29287	-0.02997389	-5.3238726	21.305618	0.015449881	0.1526	12.0	43024.475782871246
245	-19.183512	11.37354	4.074883	-38.851097	140.05714	-2.3338814	9.263273	4.533802	-52.4091	1230000	-6.713867e-08	15.6669	-0.034534227	-5.6229506	21.369638	0.01638319	0.2212	16.0	43228.344460725784
246	-13.777714	11.333386	2.6440117	-29.331308	176.96297	-0.9265787	6.8851223	3.5666332	-33.70584	1235000	-2.1362304e-08	11.423278	-0.05197079	-2.6637936	21.28955	0.013008452	0.194	79.0	43396.89078497887
247	-14.824916	12.972665	3.7428622	-33.85974	127.1579	-1.6085062	8.386462	5.633724	-31.274847	1240000	-2.708435e-08	12.615003	-0.022597322	-4.0165014	21.317091	0.017136162	0.1594	9.0	43566.91708827019
248	-13.78699	11.602271	5.1483912	-35.060917	165.16667	-0.48622906	6.933737	4.051677	-35.527508	1245000	-1.2207031e-08	14.903124	-0.032373987	-4.5554495	21.315603	0.016998768	0.12	15.0	43735.858405828476
249	-13.8508625	12.45035	5.1862373	-39.53851	150.57576	-1.0168033	7.5670853	4.5134215	-34.186855	1250000	-5.493164e-08	16.297058	-0.024598835	-4.78846	21.33121	0.016653404	0.1384	11.0	43904.906056404114
250	-14.127569	14.479434	3.4998994	-54.277363	182.37038	-1.2751561	7.9776855	4.649689	-30.054882	1255000	9.765625e-08	24.148083	-0.030132554	-7.95158	21.31834	0.01561052	0.176	14.0	44100.75911593437
251	-14.126645	12.453494	3.9106143	-33.059464	122.975	-1.3935125	8.556967	6.450884	-41.872425	1260000	1.8310548e-08	17.30519	-0.022861293	-4.69718	21.269403	0.017542843	0.1446	9.0	44270.82660841942
252	-10.314306	11.906163	4.999524	-31.069412	171.48276	0.42959106	7.8790402	7.554837	-42.903763	1265000	-4.4250488e-08	15.0317955	-0.045334887	-4.2492886	21.2952	0.015950803	0.1776	43.0	44439.71232557297
253	-11.205063	12.129928	4.775589	-33.325287	177.53572	1.0709276	6.418441	6.9168615	-29.009195	1270000	2.4414062e-08	20.128689	-0.02172635	-7.947508	21.25396	0.017206272	0.121	9.0	44608.3085064888
254	-14.220527	11.86575	6.082856	-29.701881	139.85294	-1.2402518	9.173355	5.1951904	-38.039524	1275000	0.0	16.501919	-0.05363489	-6.5915413	21.298388	0.01496962	0.192	64.0	44777.71495819092
255	-12.857353	13.059281	4.3738065	-32.923454	142.48572	0.22218415	7.163883	6.544219	-32.87256	1280000	-6.1035155e-09	13.002361	-0.028187543	-3.774065	21.295212	0.015609906	0.1362	12.0	44985.83020234108
256	-15.4481535	13.616261	5.791762	-40.85392	150.87878	-1.5985491	9.411823	5.292051	-35.717674	1285000	-3.0517577e-09	21.69544	-0.051106893	-5.570652	21.290176	0.015233209	0.1996	56.0	45154.99030280113
257	-8.8821945	12.295091	5.491169	-32.416935	199.83333	1.022156	6.3399043	5.4262567	-31.722149	1290000	-1.6784668e-08	11.065667	-0.051133703	-2.972929	21.270912	0.013734351	0.1918	79.0	45322.88596582413
258	-12.657388	11.8028345	4.438303	-35.314228	147.02942	-0.8195703	7.747447	5.2397833	-34.894264	1295000	3.0517577e-09	19.395706	-0.029455632	-7.41494	21.198675	0.017500939	0.1978	14.0	45492.13637828827
259	-12.780117	12.413827	4.656834	-29.811506	151.33333	0.15379429	7.499362	6.3370156	-34.73173	1300000	-3.0517577e-09	12.444859	-0.024795428	-3.1109495	21.173784	0.016163541	0.1378	11.0	45661.225591659546
260	-13.656953	11.952215	4.569699	-36.875095	158.86667	0.55551934	6.9881964	6.988139	-29.138248	1305000	-3.051758e-08	13.296738	-0.025415119	-4.201996	21.231743	0.015447399	0.1216	11.0	45863.59357523918
261	-13.116519	13.699271	3.2488081	-40.33933	165.3793	-1.1604158	8.131079	4.141976	-53.11956	1310000	1.2207031e-08	14.747973	-0.026943143	-4.482087	21.21197	0.016406966	0.1422	9.0	46032.463363170624
262	-19.362839	13.828166	3.2098024	-51.10498	126.8421	-3.1100929	9.9841	4.9693646	-34.6149	1315000	9.765625e-08	38.80836	-0.023378277	-21.34803	21.219946	0.016935753	0.1268	8.0	46202.403463602066
263	-14.312111	11.538932	4.0153737	-30.43074	142.08824	-1.4974606	8.78584	4.202459	-42.20627	1320000	-1.0070801e-07	15.338948	-0.049244486	-6.809986	21.25002	0.015020206	0.2332	53.0	46371.93012094498
264	-14.231304	13.5609255	4.634974	-35.639088	135.47223	-0.5450899	8.470725	6.1351376	-34.56928	1325000	-2.746582e-08	18.029516	-0.029466787	-5.358403	21.189075	0.016378406	0.1604	11.0	46541.53517079353
265	-16.220377	12.069474	3.13375	-33.20446	151.12122	-1.0999674	8.696897	5.5688324	-34.98722	1330000	2.4414062e-08	18.174192	-0.029162023	-4.6582375	21.215166	0.017338952	0.1668	12.0	46752.662454366684
266	-15.011173	13.119058	3.9642286	-33.109764	151.45454	-1.2816739	9.610802	5.6942525	-36.974846	1335000	-7.93457e-08	16.250566	-0.03429384	-6.800248	21.15116	0.016349526	0.169	20.0	46921.75885725021
267	-11.529878	12.869948	4.9877844	-31.954992	153.40625	0.024760546	7.4265003	5.9583077	-33.82087	1340000	-6.408691e-08	12.016354	-0.025991535	-3.6856356	21.158972	0.017582608	0.1514	9.0	47090.86018419266
268	-10.539408	12.330181	4.133712	-38.71894	171.51724	0.6504823	7.747143	9.510933	-35.58275	1345000	-4.8828124e-08	10.5311165	-0.04162951	-3.5418792	21.178827	0.015472085	0.2108	33.0	47259.547912836075
269	-12.481072	10.914569	2.3873577	-32.18151	188.76923	1.559415	6.4491506	7.306835	-31.986044	1350000	9.765625e-08	13.347304	-0.044754814	-4.0856085	21.20851	0.015021432	0.172	50.0	47428.00420331955
270	-12.058705	11.603115	5.0643187	-32.634686	172.34483	0.8061082	5.948404	5.7537365	-27.846758	1355000	7.629395e-09	13.980445	-0.0322492	-3.012002	21.177011	0.016564567	0.1156	18.0	47641.83690953255
271	-16.512373	12.247505	4.612176	-35.059868	137.13889	-1.2443676	8.754662	5.427244	-33.7503	1360000	-5.722046e-09	12.98825	-0.032028995	-4.062208	21.219515	0.016358081	0.1584	14.0	47811.28965616226
272	-15.33332	10.8550205	2.917283	-29.90433	140.08571	-0.84090495	8.022221	4.684266	-45.0008	1365000	-1.8310548e-08	15.359475	-0.028517492	-3.9732132	21.151274	0.016946409	0.155	12.0	47980.63470005989
273	-12.8325205	12.110206	5.104373	-30.134998	164.68965	-0.30473858	7.9954824	5.753765	-38.415928	1370000	-4.8828124e-08	11.931117	-0.04764635	-3.34554	21.14793	0.014572719	0.1862	56.0	48149.361943006516
274	-15.720219	12.80658	4.9816813	-37.208878	140.62857	-1.0158691	7.988546	4.704828	-35.165447	1375000	-4.5776368e-08	14.473625	-0.029895622	-2.866417	21.160633	0.016795844	0.1246	14.0	48318.81916809082
275	-15.418053	12.879753	4.208358	-40.362034	149.69698	-0.8913651	7.774567	5.0398073	-37.954597	1380000	9.384155e-08	33.628937	-0.030931441	-14.861795	21.188137	0.015767338	0.1462	17.0	48529.246432065964
276	-11.75137	12.648263	4.126834	-36.74146	150.4375	-1.1218108	8.684724	4.316193	-36.481228	1385000	6.1035155e-09	19.40754	-0.040683884	-9.096593	21.139662	0.015418364	0.1838	34.0	48698.332830667496
277	-13.772516	12.704666	4.6536484	-33.442886	155.25	-0.64461035	8.326638	6.134611	-35.302006	1390000	-7.629395e-09	17.765676	-0.024147276	-5.6045275	21.151834	0.016786397	0.1422	10.0	48867.412053108215
278	-8.859864	10.077148	3.9223535	-26.044882	184.40741	1.6997715	5.4010973	5.8618236	-25.888454	1395000	-3.051758e-08	6.5887885	-0.030323103	-0.9968324	21.141188	0.015361104	0.1282	19.0	49035.802186727524
279	-10.557557	11.315109	4.5835533	-30.503513	193.04	1.6909976	5.6836514	5.721592	-36.24155	1400000	3.6621095e-08	12.047741	-0.030097928	-4.3233724	21.14206	0.015804531	0.1392	19.0	49204.201630830765
280	-15.757863	12.053102	3.8253279	-36.121376	138.66667	-1.4500947	7.8725553	3.972562	-35.00388	1405000	9.765625e-08	21.508059	-0.027418004	-5.6871395	21.157906	0.016772464	0.1714	10.0	49407.23483490944
281	-14.298955	13.105239	4.6537304	-32.405952	130.55263	-1.536075	8.649897	4.7952123	-39.067757	1410000	-4.577637e-09	15.35048	-0.027140634	-5.9975595	21.136889	0.017384136	0.1974	9.0	49577.16832399368
282	-16.58711	11.369735	2.4409006	-34.007015	141.08571	-0.7961727	8.717705	6.5119696	-34.811275	1415000	-3.0517577e-09	16.640368	-0.02655311	-4.188549	21.150753	0.017469455	0.1714	10.0	49746.5067551136
283	-11.578529	10.931822	2.678802	-30.014063	168.93103	-0.40485433	7.5487337	5.2015853	-33.508484	1420000	1.2512207e-07	12.570871	-0.052224297	-4.725611	21.147654	0.015127227	0.2268	65.0	49915.09387731552
284	-12.100701	12.081202	3.6899033	-29.829828	151.45454	0.19743891	7.211993	6.9267807	-31.009567	1425000	1.525879e-08	14.461975	-0.04004059	-3.432928	21.13221	0.015818741	0.143	24.0	50084.43898487091
285	-15.063301	12.752117	3.630241	-40.068157	140.23529	-0.17255317	8.062941	6.3227696	-31.803179	1430000	-6.1035155e-09	18.243984	-0.033352274	-8.51398	21.114098	0.016887307	0.1492	16.0	50278.906764507294
286	-16.846855	13.071111	5.2679543	-38.18192	111.72727	-2.175913	9.96495	5.7399235	-35.14907	1435000	-3.051758e-08	22.743454	-0.027917335	-5.787695	21.112732	0.018170498	0.166	10.0	50449.460626125336
287	-15.931759	11.527959	4.136355	-32.682156	135.31429	-1.53093	9.558244	5.4780965	-40.83412	1440000	-3.6621095e-08	18.507849	-0.052524827	-6.062541	21.069864	0.015577135	0.2102	48.0	50619.06461954117
288	-13.228893	12.884394	5.014959	-35.36763	133.59459	-0.8722217	8.960496	5.659842	-40.051586	1445000	-2.2888184e-08	12.544185	-0.03096125	-5.2328925	21.085825	0.015876569	0.1478	15.0	50788.824756622314
289	-11.436037	11.90494	4.5777884	-29.907173	131.7027	0.43994552	7.362493	5.91258	-29.703476	1450000	-6.1035155e-09	12.990349	-0.03282879	-2.9290285	21.070465	0.015642798	0.1586	18.0	50958.61780118942
290	-10.990179	12.204908	4.5974255	-31.29482	160.25807	0.72327113	7.0780435	5.5543723	-30.114208	1455000	-1.8310548e-08	10.9182	-0.030869586	-2.3896484	21.106182	0.015378575	0.1448	14.0	51171.10619044304
291	-13.509956	13.361945	4.530534	-39.97469	147.12122	-0.06439274	7.787884	6.7990737	-31.271673	1460000	-1.8310548e-08	18.956297	-0.03481301	-9.079536	21.086824	0.015788725	0.1626	22.0	51340.39918136597
292	-9.124052	12.080812	3.565372	-31.220173	155.59375	1.4519607	6.251823	6.257779	-28.164083	1465000	7.324219e-08	14.953852	-0.026039546	-8.121989	21.084404	0.016870858	0.1038	12.0	51509.62685918808
293	-15.608063	12.801173	3.944636	-35.33452	123.6	-0.28470853	8.967083	6.4383454	-32.830647	1470000	3.0517577e-09	14.860516	-0.040771775	-3.3885336	21.113579	0.015269437	0.1868	23.0	51679.76920580864
294	-15.983382	11.772543	4.7809196	-35.0079	120.65854	-0.6123399	8.986673	7.245048	-34.365448	1475000	-4.8828124e-08	13.459594	-0.0379843	-2.7409105	21.090347	0.01664664	0.1776	20.0	51850.23895192146
295	-14.155674	12.500067	4.4198017	-35.677013	134.5	-0.8979838	8.310468	5.486728	-38.732586	1480000	-5.645752e-08	20.317923	-0.02439134	-6.653167	21.077944	0.014941893	0.163	10.0	52053.97457695007
296	-12.951635	11.0457945	5.8875146	-30.798452	145.85294	-0.4176811	8.128537	6.2727447	-31.909716	1485000	-3.0517577e-09	13.855388	-0.036384016	-5.6077633	21.087475	0.015316399	0.2496	21.0	52223.42288708687
297	-7.652431	12.469231	4.648416	-32.47303	158.03334	1.8961469	5.8120365	7.2461934	-31.354239	1490000	3.051758e-08	12.497058	-0.027309466	-3.1197338	21.071552	0.01711479	0.115	10.0	52392.11044216156
298	-16.569166	12.8700485	5.5603347	-43.10145	104.80851	-1.6194309	9.318291	6.0717626	-31.323833	1495000	-1.8310548e-08	24.463058	-0.027719207	-9.570596	21.048912	0.0149865355	0.1608	16.0	52563.36110711098
299	-13.184597	12.884133	4.857346	-39.496914	136.83333	0.50342	8.864754	6.0106044	-39.11	1500000	7.324219e-08	10.409958	-0.043226026	-2.2500172	21.076801	0.015350593	0.1812	40.0	52733.070551633835
300	-13.573875	12.72861	4.588235	-46.904335	131.51352	0.26817042	7.490238	5.534805	-29.433634	1505000	5.1879884e-08	18.111355	-0.03235668	-6.4898787	21.063387	0.01801259	0.1576	14.0	52948.72281885147
301	-14.025195	12.86226	2.6684072	-42.814014	150.06061	-0.013162011	8.605187	6.598251	-35.33522	1510000	3.6621095e-08	23.103287	-0.02862839	-6.6431637	21.046373	0.014989661	0.132	12.0	53118.080023527145
302	-15.086849	12.512852	3.7945662	-31.96116	136.75	-1.0541352	8.937301	5.447111	-38.67097	1515000	-2.1362304e-08	14.974019	-0.042911477	-3.5080547	21.047476	0.015276089	0.1816	30.0	53288.34299850464
303	-14.488487	14.0750885	4.23294	-34.87515	144.75757	-1.1261537	8.637325	5.1812706	-34.57838	1520000	-3.6621095e-08	18.485014	-0.032435525	-9.876126	21.051615	0.01764955	0.2038	15.0	53457.89561843872
304	-12.726994	12.279802	3.6894906	-31.270313	155.0	0.31585717	8.244969	6.3007793	-31.624266	1525000	-7.6293944e-08	11.846734	-0.038542215	-3.046525	21.074345	0.015211461	0.19	25.0	53627.357385635376
305	-10.138167	10.954683	5.1528125	-30.176125	177.40741	1.2653387	6.7072706	7.1696553	-29.767391	1530000	-4.8828124e-08	8.59135	-0.032736138	-2.6201096	21.034245	0.015421634	0.1614	20.0	53841.6160736084
306	-15.5730915	13.387708	4.7612	-45.51783	114.0	-0.61448175	8.441876	5.7645297	-36.8596	1535000	1.6479493e-07	26.780096	-0.026338464	-13.160703	21.040712	0.018229209	0.1546	11.0	54012.075347185135
307	-10.763538	12.266754	4.5045104	-34.19762	153.40625	0.5541177	7.6751947	7.2121468	-36.993824	1540000	1.525879e-08	13.958088	-0.024252985	-3.8131437	21.047293	0.019710356	0.1816	10.0	54181.284672260284
308	-14.439677	12.378827	4.135392	-31.970108	137.97223	-0.10915015	8.468558	7.504172	-31.04422	1545000	1.8310548e-08	12.531059	-0.048116293	-2.7509556	21.026438	0.015007397	0.1782	50.0	54350.934468746185
309	-17.26492	13.2382965	6.068933	-38.359245	127.710526	-2.042141	8.986406	4.9408474	-35.649097	1550000	2.1362304e-08	21.587288	-0.028580666	-6.860464	21.048553	0.016102036	0.161	9.0	54520.97446298599
310	-13.8787985	12.687092	4.372712	-35.55816	165.06667	-0.30810755	7.9679246	5.3861976	-35.40947	1555000	1.525879e-08	12.818035	-0.033820193	-3.299571	21.056074	0.015878998	0.1718	15.0	54729.888426065445
311	-16.523544	11.981459	2.9763165	-33.73485	131.47368	-2.2359138	9.817792	4.7430463	-37.39773	1560000	2.1362304e-08	18.454176	-0.03653244	-6.613612	21.025858	0.015739497	0.191	19.0	54899.55581355095
312	-14.96125	12.706459	3.990649	-36.50091	129.71053	-2.1947024	9.250986	5.2531815	-31.946049	1565000	-6.103516e-08	22.115257	-0.026742334	-7.834717	21.03525	0.018133685	0.162	11.0	55069.17754173279
313	-11.928296	13.336655	3.4427187	-36.69832	149.84848	0.21562704	7.6522985	6.324358	-28.377338	1570000	3.6621095e-08	14.464726	-0.022187123	-6.0983877	21.031963	0.017394641	0.1434	7.0	55238.33440732956
314	-15.91467	13.282794	5.4475355	-39.803627	110.577774	-1.7886611	9.643033	6.205406	-32.931255	1575000	-3.6621095e-08	24.931305	-0.028073236	-8.538273	21.029942	0.015806332	0.169	11.0	55409.005398988724
315	-10.868171	13.5391655	4.8837776	-34.36732	159.29033	0.41128302	8.083538	6.522635	-30.746702	1580000	6.1035155e-09	12.406615	-0.038063414	-4.5828795	21.0228	0.015846059	0.1618	28.0	55622.5112452507
316	-16.072176	12.398663	3.0682395	-39.627083	134.91891	-0.08448838	8.6972885	7.031469	-39.591404	1585000	-6.1035155e-09	21.846478	-0.026403474	-9.055343	21.051474	0.015619825	0.1644	10.0	55792.67227220535
317	-16.088278	13.539532	3.1743383	-44.041916	124.4	-2.0640821	10.74505	7.9533052	-42.945187	1590000	1.8310548e-08	20.772165	-0.0320636	-6.1494274	21.02542	0.015470345	0.1436	12.0	55963.14209604263
318	-16.26977	13.955486	4.661074	-41.122704	120.92683	-2.4904056	10.359186	5.6176763	-38.804638	1595000	1.8310548e-08	19.515322	-0.038130365	-5.20105	21.028025	0.015840307	0.1618	26.0	56133.35024356842
319	-15.229746	12.424961	3.8297076	-36.40383	132.56757	-1.2430401	9.105156	5.3201494	-34.96088	1600000	4.5776368e-08	17.511395	-0.037467424	-6.3409863	20.992607	0.015443155	0.1594	23.0	56302.85139608383
320	-13.032999	12.430108	5.1648293	-35.988068	134.91891	-0.25113097	8.555042	6.2024055	-31.237852	1605000	8.392334e-09	12.117607	-0.011604084	-5.32013	21.045444	0.012559162	0.135	3.0	56502.209055662155
321	-16.564928	11.847862	2.8926141	-39.53788	112.795456	-1.3320043	9.471715	6.53054	-45.028427	1610000	-1.8310548e-08	18.17534	-0.012627927	-6.6722326	21.029987	0.01488336	0.1686	3.0	56672.422552108765
322	-12.291313	12.55302	4.795198	-32.938087	154.09375	0.1860479	8.478195	6.836727	-31.218197	1615000	4.8828124e-08	14.472419	-0.02428628	-5.0640373	20.96616	0.01868383	0.1696	11.0	56841.47612953186
323	-15.359675	12.710746	5.6970043	-46.614056	137.31429	0.26326925	8.472179	8.316805	-33.71105	1620000	3.6621095e-08	22.643003	-0.019862171	-7.9423647	21.000391	0.017984344	0.139	6.0	57011.09065246582
324	-11.487337	13.579842	3.2352161	-36.712933	155.28125	-0.6624903	8.779451	6.021323	-38.174778	1625000	1.373291e-07	22.496128	-0.027522514	-9.220078	20.988815	0.01607565	0.1772	12.0	57180.31099843979
325	-14.640433	13.395137	4.675819	-42.30712	134.94444	-1.0608472	8.938013	5.757402	-38.18023	1630000	-4.8828124e-08	25.814734	-0.033870727	-7.940439	20.977028	0.016090613	0.1554	15.0	57375.72152352333
326	-14.776417	13.361563	3.2114954	-39.63549	134.97298	-0.7822868	9.398276	6.6956935	-35.310715	1635000	3.051758e-08	22.104404	-0.037583135	-7.8226967	21.015518	0.015192627	0.194	23.0	57545.79470992088
327	-15.3474455	13.353794	3.4233377	-35.79375	118.166664	-0.78601104	9.532479	6.35149	-35.63228	1640000	1.8310548e-08	20.336025	-0.04098528	-5.388649	21.00601	0.015228819	0.179	22.0	57716.36848640442
328	-14.62486	13.063844	4.352872	-39.491825	140.02856	-0.5412418	9.663184	5.881027	-36.692543	1645000	-4.7302247e-08	14.399089	-0.03811424	-4.8203764	20.98969	0.015500822	0.1814	23.0	57886.118619441986
329	-13.997233	12.089226	4.289355	-37.25716	134.30556	-1.1305372	8.703369	5.2130523	-30.92582	1650000	1.0681152e-08	15.408578	-0.035739847	-7.348192	20.996157	0.0178646	0.2182	19.0	58055.82755756378
330	-16.207209	12.690744	4.4716797	-41.209488	101.28571	-1.57805	9.705827	7.149601	-35.410217	1655000	5.79834e-08	18.843708	-0.018803712	-6.2124367	20.984564	0.013661621	0.1134	5.0	58262.943150281906
331	-17.878252	12.999821	3.7990177	-37.58287	130.55263	-1.709233	10.361815	6.4804163	-34.82473	1660000	-4.8828124e-08	19.644415	-0.04098311	-6.743041	21.000782	0.015567567	0.1692	27.0	58433.14730358124
332	-14.682551	12.336689	4.4235516	-34.698574	131.05263	-1.2544453	8.819884	5.4039574	-33.637146	1665000	-4.2724608e-08	13.700256	-0.031417586	-2.9892874	20.988047	0.018530285	0.18	11.0	58603.17833900452
333	-15.966028	13.147491	5.135138	-46.943615	124.79487	-1.4725994	9.331198	5.7563114	-35.82349	1670000	-1.3885499e-07	20.025911	-0.03947558	-4.4151583	21.00323	0.015875418	0.1724	23.0	58773.41468310356
334	-12.51651	12.86562	4.0019326	-37.091732	148.90909	-0.58556765	9.560062	6.726472	-41.032722	1675000	-1.5258789e-09	16.917511	-0.046955235	-6.6494417	20.971441	0.015414186	0.222	42.0	58942.81425189972
335	-14.914811	13.515596	3.809943	-41.06388	144.02942	0.5410864	7.9312625	7.172984	-29.299225	1680000	5.79834e-08	25.713995	-0.032111254	-13.384412	20.9705	0.017188154	0.14	16.0	59154.565133333206
336	-18.772	12.315223	4.131863	-41.52145	101.46809	-5.1708694	12.185066	5.883385	-42.100445	1685000	-1.0681152e-08	23.713598	-0.030667115	-12.270138	20.989183	0.0176497	0.1924	12.0	59325.80009865761
337	-15.277722	14.49468	3.9902651	-45.780724	139.02856	-1.6428404	8.94607	6.430086	-39.54445	1690000	-1.2207031e-08	31.785559	-0.025765032	-12.589245	20.988985	0.017211905	0.1484	10.0	59495.41783666611
338	-14.87564	13.6893015	4.5846	-37.357662	113.63636	-2.036917	10.452704	5.130885	-41.61143	1695000	4.8828124e-08	17.479694	-0.050323352	-6.8856726	20.979563	0.01493977	0.2154	44.0	59665.83363413811
339	-13.008408	12.334198	3.892658	-34.98415	151.51515	-1.3055315	8.815293	5.783655	-35.556133	1700000	-5.3405763e-08	17.212337	-0.045326743	-6.2665443	20.95747	0.015616156	0.2152	31.0	59835.009882450104
340	-11.720032	11.591947	5.682555	-29.684477	155.0625	0.596196	7.2060833	5.491377	-36.523727	1705000	3.4332274e-08	12.9389305	-0.03275391	-3.1812057	21.006971	0.016061913	0.1256	18.0	60042.87848901749
341	-17.751549	13.582869	3.959985	-50.212654	115.40476	-1.5582631	8.999222	8.719712	-33.681988	1710000	6.1035155e-09	37.70146	-0.021353515	-22.631523	20.972004	0.01852547	0.1222	7.0	60213.4520740509
342	-17.94729	12.63014	2.260027	-44.70692	110.818184	-3.542436	11.006977	5.5458546	-35.972282	1715000	-7.019043e-08	25.9931	-0.02941614	-9.175053	20.98795	0.016138537	0.2196	12.0	60384.46479296684
343	-15.751223	11.9406185	4.1139135	-35.40167	119.51219	-1.3387221	9.643237	6.412406	-34.508644	1720000	5.493164e-08	13.474279	-0.0455238	-3.773343	20.939177	0.015574955	0.2	31.0	60555.03498506546
344	-13.270743	12.052166	3.98969	-42.54038	135.02856	0.3808503	8.429165	6.7341194	-34.135242	1725000	1.2207031e-08	12.134545	-0.033560038	-4.5623674	20.938044	0.016953783	0.1686	18.0	60724.76146697998
345	-10.947788	12.411543	5.1566954	-34.25241	144.26471	1.182324	7.1336327	7.356915	-32.501137	1730000	2.5939942e-08	10.261203	-0.03908681	-2.655416	20.895811	0.015393842	0.1678	28.0	60924.927201509476
346	-11.405245	13.468904	5.1116323	-42.200577	135.19444	0.9252458	7.548504	6.439136	-32.22031	1735000	1.0986328e-07	13.257656	-0.030577905	-3.4426956	20.92486	0.01625601	0.149	15.0	61094.727420806885
347	-11.159189	11.726973	5.5202494	-33.70264	150.0	0.7389679	6.9480925	6.305118	-32.18649	1740000	-1.525879e-08	16.70659	-0.028020462	-4.433237	20.919907	0.017284436	0.1404	9.0	61264.4626493454
348	-13.915889	13.257086	4.7254233	-47.74061	129.0	-0.5754047	8.117694	5.0273232	-35.7653	1745000	1.8310548e-08	16.4476	-0.033222985	-4.8036594	20.951315	0.015980542	0.1556	16.0	61434.968093156815
349	-15.644896	12.002369	2.267099	-43.33276	129.3421	-0.7502402	8.736705	5.6514263	-33.219315	1750000	-4.2724608e-08	23.851038	-0.024154093	-7.5396156	20.934538	0.015948553	0.172	10.0	61604.56575298309
350	-10.615134	12.913021	4.0471735	-33.315243	147.45454	-0.24932483	8.7601185	5.896333	-41.022728	1755000	-3.0517577e-09	15.094831	-0.052854653	-5.9702463	20.955544	0.014163283	0.2328	79.0	61805.49711751938
351	-14.641592	14.293902	5.685489	-35.011047	113.46512	-0.57181954	8.732459	6.6547813	-31.62395	1760000	-1.2207031e-08	17.74755	-0.02000255	-7.752554	20.937958	0.023399401	0.1566	5.0	61976.20155239105
352	-9.815118	11.642608	4.169447	-31.078465	171.10345	0.5902162	7.403056	7.2173867	-33.163292	1765000	5.493164e-08	17.587261	-0.051638678	-9.150861	20.946838	0.013998163	0.2174	79.0	62145.38074660301
353	-13.600611	11.343279	5.2264013	-37.97188	127.35897	0.4361654	7.213618	7.5169396	-26.490053	1770000	3.0517577e-09	10.515709	-0.023039667	-3.434895	20.874474	0.017830202	0.1506	9.0	62317.2849252224
