Epoch	AverageEpRet	StdEpRet	MaxEpRet	MinEpRet	EpLen	AverageVVals	StdVVals	MaxVVals	MinVVals	TotalEnvInteracts	LossPi	LossV	DeltaLossPi	DeltaLossV	Entropy	KL	ClipFrac	StopIter	Time
1	-3.041466	3.1185749	-0.07914642	-13.183002	276.94446	-7.672853	7.5858197	0.31835365	-53.330982	10000	6.1035155e-09	103.804565	-0.04089693	-74.49182	22.952562	-0.00089739606	0.1468	79.0	162.17493724822998
2	-2.7383745	2.6951742	-0.15214677	-11.370571	228.2381	-3.7196243	7.1447754	1.5486187	-37.56303	15000	1.0681152e-08	57.08248	-0.046383984	-33.27852	22.937176	-0.003162912	0.167	79.0	323.8772146701813
3	-3.5302758	2.585956	-0.16627152	-10.252802	172.10345	-1.9991785	5.492679	2.5078318	-34.207535	20000	2.2888184e-08	25.719763	-0.044084318	-14.176965	22.879414	0.001939824	0.1844	79.0	487.15648078918457
4	-3.191933	2.7024124	-0.08265429	-10.370338	162.0	-0.47850552	4.7130413	2.9516432	-23.061419	25000	-4.2724608e-08	17.38172	-0.04771647	-8.364944	22.836842	0.0054255533	0.2	79.0	650.2605454921722
5	-3.706521	3.5480313	0.03152024	-11.021515	187.48	0.21150386	3.9297829	3.5433195	-19.650562	30000	-1.8310548e-08	11.333257	-0.04432194	-3.7560253	22.80132	0.01337733	0.163	79.0	913.8791754245758
6	-3.4583008	3.5088625	0.047924552	-14.252472	235.0	0.7994349	2.5643642	3.2789545	-10.715772	35000	-1.2207031e-08	4.7894826	-0.044581994	-1.2450516	22.834332	0.005476638	0.1838	79.0	1075.8308341503143
7	-3.3888593	3.44269	0.26587173	-13.909926	190.46153	0.22038564	2.7948186	3.2272797	-14.006701	40000	3.5858154e-08	4.921971	-0.04971586	-1.5161693	22.793972	0.0046501574	0.1924	79.0	1238.2981419563293
8	-3.0151474	3.371323	-0.090479	-10.682105	248.3158	0.73196423	1.8626564	3.316776	-12.259229	45000	-1.2207031e-08	2.360236	-0.046301376	-0.56241465	22.75602	0.011117313	0.1824	79.0	1400.1293301582336
9	-3.1234536	2.3235471	-0.29178655	-8.930514	199.8	0.2230031	2.2189293	3.4871063	-10.976893	50000	2.746582e-08	2.8181965	-0.043796998	-0.8353344	22.687544	0.0063440497	0.181	79.0	1562.666972875595
10	-3.7033455	3.086192	0.6866974	-11.036926	237.4	0.5114002	1.7465256	3.6807554	-12.091876	55000	-4.577637e-09	2.163698	-0.046371195	-0.4539864	22.688644	0.010647778	0.1792	79.0	1826.7702827453613
11	-2.764314	2.6254878	0.08440983	-7.704209	258.33334	0.36053163	1.84221	2.8336658	-9.96714	60000	-1.0681152e-08	2.1420894	-0.043878336	-0.65340984	22.704853	0.013475368	0.172	79.0	1988.693924188614
12	-2.010576	2.1079283	0.050472356	-8.204528	209.52174	0.46762496	1.3046249	3.0031393	-8.002564	65000	-6.103516e-08	1.2384437	-0.043763977	-0.27457827	22.648832	0.0063238214	0.1644	79.0	2151.23899269104
13	-1.7709551	1.7365469	0.9015264	-5.2148027	247.89473	0.33401603	1.1984371	2.5366552	-7.1987877	70000	9.155274e-09	0.88795257	-0.045370333	-0.1757974	22.632256	0.007150258	0.1708	79.0	2313.310030221939
14	-2.3159857	2.8317494	0.9710115	-8.083365	310.5	0.46915078	0.97314274	2.7868316	-9.294691	75000	5.493164e-08	1.0298692	-0.038410943	-0.21557367	22.595264	0.015217355	0.1698	45.0	2475.0833990573883
15	-4.05562	3.72261	0.17574966	-11.860154	228.42857	0.061986268	1.1634208	2.3587966	-5.4245934	80000	3.0517577e-09	1.2763464	-0.0414905	-0.16248608	22.604158	0.015689721	0.1418	40.0	2727.560654401779
16	-4.0056763	4.067165	0.39848298	-14.950382	175.96297	-0.16402408	1.4454082	2.6749198	-7.0412025	85000	-2.5939942e-08	1.5173067	-0.042691495	-0.12694776	22.575096	0.015246164	0.1678	49.0	2890.658992767334
17	-2.5839095	2.5037508	0.3318981	-8.5654	227.0	-0.08246001	1.2694495	3.5608938	-11.359802	90000	6.1035155e-09	0.88934374	-0.04594381	-0.19024658	22.562971	0.015026014	0.1914	65.0	3053.1443948745728
18	-4.2105603	3.5513093	0.3626273	-12.040101	203.45833	0.13149743	1.1355561	3.061831	-5.106934	95000	-4.5776368e-08	1.2259204	-0.051740702	-0.16249382	22.56559	0.014997305	0.1836	79.0	3215.909819126129
19	-2.2602324	2.1666195	0.3254114	-8.529852	246.78947	0.08349804	0.9123788	2.0206835	-5.9262853	100000	-1.525879e-08	0.47205424	-0.04614155	-0.073254675	22.564548	0.006188843	0.1856	79.0	3378.0270750522614
20	-3.193643	3.872523	0.8386168	-15.382017	219.5	0.03745306	1.1121464	2.5501676	-8.12188	105000	2.4414062e-08	1.4068551	-0.04580982	-0.11627674	22.534437	0.011649927	0.173	79.0	3641.59197306633
21	-2.8541222	2.7358727	1.0709983	-7.795723	206.79167	-0.03204228	1.2291446	2.5172882	-6.0926304	110000	-3.8146974e-09	1.006905	-0.05051411	-0.22206253	22.491312	0.011306413	0.1886	79.0	3803.641988515854
22	-2.2549784	2.6048481	1.2105867	-8.062235	256.94446	0.4638047	0.57430464	2.6146998	-2.8725626	115000	3.6621095e-08	0.67423636	-0.03901717	-0.15994388	22.467094	0.015518715	0.1646	53.0	3964.7717146873474
23	-3.255613	3.1400619	-0.106534526	-9.828815	221.59091	-0.0029887818	1.0405766	2.5913465	-5.8663635	120000	-7.629395e-09	1.4499469	-0.047605347	-0.16810155	22.430582	0.015125827	0.1806	59.0	4126.673099517822
24	-1.8194091	2.5471408	1.1931276	-7.8484263	225.33333	-0.03208865	1.0139866	2.068831	-5.8665094	125000	6.866455e-09	0.8105025	-0.04433963	-0.30541486	22.486612	0.01178937	0.1812	79.0	4288.174872159958
25	-4.0792418	4.481669	0.35811156	-16.234467	264.16666	0.21125728	0.92719764	2.7959023	-4.5794506	130000	6.103516e-08	2.0375626	-0.033920903	-0.30055308	22.465157	0.015846334	0.1334	30.0	4550.138929605484
26	-1.7761514	1.976484	0.7199053	-6.134739	227.85715	-0.08846011	1.2250187	2.054557	-6.911578	135000	-5.79834e-08	0.9827671	-0.051167373	-0.46700644	22.480553	0.010264232	0.2124	79.0	4711.598286628723
27	-2.8123856	3.120042	1.986416	-9.0151825	165.07143	0.26825097	0.92627555	2.9444644	-4.3230324	140000	-4.577637e-09	1.1097847	-0.03499426	-0.10120988	22.451878	0.016400713	0.14	22.0	4873.735381126404
28	-2.789617	3.932964	2.4002197	-11.564636	216.77272	0.29476556	0.8142237	2.5316634	-5.0752387	145000	1.7547608e-08	1.2174617	-0.03196603	-0.091974854	22.428198	0.016020473	0.1354	22.0	5035.175102233887
29	-1.5830712	3.1339347	2.7000346	-12.260845	227.28572	0.44452342	0.7673451	2.602237	-3.5766978	150000	-4.4250488e-08	1.1569189	-0.02291803	-0.15998793	22.432169	0.016720816	0.1784	11.0	5196.312666416168
30	-0.74441385	2.9350636	3.4499137	-6.532295	274.0	0.69635844	0.5872996	3.141242	-3.7502594	155000	-3.051758e-08	0.8720699	-0.017998975	-0.07806367	22.404137	0.01502233	0.1414	11.0	5458.140240907669
31	-1.2463317	3.8963277	3.9030337	-10.868734	260.83334	0.75707006	0.7343389	2.9926581	-3.028779	160000	-5.3405763e-08	1.4462004	-0.016950684	-0.13898373	22.375444	0.016429916	0.1208	12.0	5619.080607652664
32	-1.7342688	2.8276632	2.1508386	-7.390686	246.05263	0.86607635	0.8485546	2.8033068	-5.759217	165000	-6.1035155e-09	0.9074669	-0.039512433	-0.077994525	22.410982	0.015397036	0.1686	40.0	5780.293725728989
33	-1.121434	3.7357912	3.396928	-8.3163185	238.8	0.8886639	0.83114785	2.908935	-3.5111833	170000	-5.79834e-08	1.7064742	-0.023148233	-0.19998741	22.424513	0.017414086	0.1164	17.0	5941.522731542587
34	-2.1215463	3.203068	3.9776034	-7.3669567	206.69565	1.0688559	0.8163689	4.87962	-4.7550316	175000	4.2724608e-08	1.0610782	-0.026009088	-0.11252719	22.398159	0.01602293	0.1446	17.0	6103.202831745148
35	-2.5285342	4.091701	4.3096595	-12.164218	216.39131	0.7498545	1.0605541	3.2730448	-4.7053213	180000	-6.1035155e-09	1.262535	-0.029487524	-0.078636885	22.429476	0.015259829	0.1472	24.0	6365.797261953354
36	-0.015774727	2.6430008	4.568089	-6.429508	308.33334	0.8767043	0.85471874	2.6038687	-5.7843213	185000	3.6621095e-08	1.9220864	-0.037425753	-0.48211336	22.397532	0.015129331	0.1836	50.0	6526.369905948639
37	-1.5934021	3.4371185	4.227831	-9.370039	196.08	1.3472736	0.9731808	4.94028	-4.2877407	190000	-1.9836426e-08	1.9269121	-0.027829634	-0.15238881	22.391338	0.014852347	0.1326	25.0	6688.350708961487
38	-1.3499377	4.5717826	3.584999	-10.245142	238.0	1.2792777	0.971577	5.178556	-3.9163306	195000	1.8310548e-08	2.8476145	-0.019030683	-0.26236868	22.400007	0.0173896	0.136	11.0	6849.835095643997
39	1.3252283	2.8179963	4.571922	-6.4094257	325.46667	1.6312069	0.7737422	4.2971535	-3.8010702	200000	-3.2043456e-08	1.8509259	-0.038600232	-0.24393594	22.407158	0.0074060843	0.164	79.0	7010.798969984055
40	-2.7036903	5.3425016	4.549362	-11.901457	210.82608	1.7873119	0.9748803	4.8309913	-2.868236	205000	-6.1035155e-09	2.659218	-0.023088655	-0.48209	22.36706	0.01457712	0.1434	12.0	7273.674990415573
41	0.7038414	2.101109	4.8421645	-4.876145	325.8	1.6397727	0.91344815	3.5440974	-5.315114	210000	1.8310548e-08	2.6429453	-0.0350567	-0.46068907	22.34163	0.015671657	0.1838	36.0	7434.297787904739
42	-0.04851304	3.8304677	7.108782	-7.73314	211.73914	1.6403779	0.9179957	4.8844056	-3.5400646	215000	3.8146972e-08	3.23161	-0.025539698	-0.34942126	22.326353	0.016645577	0.1746	19.0	7595.947083473206
43	-0.76167715	4.0833507	7.0517945	-8.146924	178.65384	1.6867807	1.0145417	4.95324	-2.6512928	220000	-2.4414062e-08	2.9662726	-0.01956004	-0.38596392	22.326946	0.016813297	0.118	9.0	7758.0596125125885
44	-2.2148511	4.3169246	9.764221	-10.126536	177.75	1.9695867	1.2697512	5.1171265	-3.6251569	225000	-9.4604495e-08	3.7280781	-0.026706146	-0.83968616	22.367996	0.015958933	0.1514	18.0	7920.212739467621
45	-2.6217725	5.0277905	8.405362	-13.084155	140.2	1.1706237	1.6105963	4.1341367	-7.0285745	230000	6.103516e-08	4.7560797	-0.021660132	-0.98825383	22.3098	0.016249549	0.136	12.0	8173.522921085358
46	0.21232615	4.809339	9.013884	-10.025804	246.47368	2.244673	1.1930073	5.165861	-5.6860013	235000	-3.6621095e-08	3.1658492	-0.022187615	-0.26395965	22.343668	0.01596026	0.1372	21.0	8334.884202718735
47	-0.2416503	3.8923173	6.0223927	-8.125448	216.86957	2.4367833	1.2604125	5.57535	-4.9873943	240000	-2.746582e-08	3.2837715	-0.023314299	-0.48829627	22.357868	0.01707004	0.1312	17.0	8496.675319433212
48	0.22586766	4.0297065	6.550392	-9.112461	218.40909	2.0115633	1.1810632	4.605292	-4.5409794	245000	0.0	2.8782437	-0.008373816	-0.19084644	22.35896	0.013055214	0.1492	4.0	8658.175122976303
49	-1.381555	4.9882402	8.628165	-12.001866	191.26923	2.0705075	1.333624	4.4222007	-5.0405726	250000	-1.2207031e-08	4.2356496	-0.02225172	-0.23836803	22.299744	0.016339466	0.1396	18.0	8820.257033109665
50	-0.5597729	4.26579	6.2935843	-11.3777485	189.92308	1.9861578	1.2882333	4.447602	-3.9249892	255000	-7.019043e-08	3.1327364	-0.038758405	-0.3785107	22.316084	0.01533799	0.1718	63.0	9083.380575180054
51	-1.2190553	5.3587403	7.2022157	-9.987463	197.76	2.1446562	1.5355692	5.4108076	-4.7027283	260000	-9.155274e-09	4.441541	-0.029595157	-0.8307247	22.302874	0.015356621	0.1512	25.0	9245.340343952179
52	2.0497937	4.2667284	8.998635	-5.419374	293.05884	2.849732	1.0420711	5.4461384	-4.619297	265000	2.4414062e-08	3.6493008	-0.03630776	-0.36302114	22.333878	0.013572416	0.1804	79.0	9406.411649465561
53	-0.29407096	4.764205	7.088571	-8.915394	217.40909	2.9793863	1.1595759	7.2587085	-2.4592395	270000	7.93457e-08	3.9266636	-0.035815477	-0.77097154	22.27727	0.015446881	0.1488	38.0	9568.057680130005
54	0.58476233	2.9874043	5.846909	-4.235923	333.2	2.5431776	1.1759099	5.8241067	-4.035579	275000	-3.3569336e-08	3.2931051	-0.034700055	-0.80413795	22.269613	0.016050545	0.1684	36.0	9729.101170539856
55	-1.7212484	4.3425026	6.700608	-10.421447	177.6923	1.8993446	1.251275	4.684905	-4.9312997	280000	6.1035155e-09	3.8701189	-0.023883734	-0.4230981	22.305548	0.016289424	0.1316	15.0	9992.782056808472
56	-0.72963	6.0405807	8.563897	-12.28489	209.0	2.4454865	1.2989261	4.666142	-4.8572946	285000	-5.493164e-08	4.6003413	-0.01987831	-0.65296173	22.245075	0.018020937	0.1728	13.0	10154.437355279922
57	-2.2203035	5.0833607	7.013357	-11.973837	191.42308	2.776633	1.6387323	6.245294	-4.8343716	290000	1.373291e-08	3.8062859	-0.03430315	-0.8599875	22.29105	0.015566486	0.1628	27.0	10316.555431842804
58	-0.5341678	4.732931	7.824366	-8.685853	200.56522	1.9413047	1.651107	4.9483995	-4.7287965	295000	3.051758e-08	4.443937	-0.038194425	-0.6544461	22.280273	0.015346936	0.1684	47.0	10478.564463853836
59	-0.91971487	5.6006804	6.8008943	-10.142905	187.52	2.5092509	1.5134969	5.572442	-5.528879	300000	-2.89917e-08	3.6964867	-0.0222621	-0.458246	22.276827	0.01708288	0.1774	12.0	10640.480538129807
60	0.25003344	5.185272	7.32454	-13.194663	235.42857	2.7847543	1.8255723	7.1551747	-6.4400454	305000	-4.7302247e-08	4.9561357	-0.034601264	-0.59011555	22.276876	0.015111296	0.161	34.0	10902.897150993347
61	-0.1436691	4.018745	7.4905233	-8.9391775	209.91304	3.0692246	1.5400357	6.475809	-5.2511935	310000	4.2724608e-08	3.2805536	-0.037219316	-0.57033396	22.237234	0.0152583225	0.177	46.0	11064.673864126205
62	1.6439787	4.473639	7.8536797	-4.955706	248.10527	2.6728299	1.2345245	5.8159637	-3.6781178	315000	2.4414062e-08	6.609199	-0.028446887	-1.7363529	22.21423	0.015306723	0.1406	32.0	11225.678399085999
63	2.0570574	5.4403777	8.381466	-9.309662	244.89473	3.7078164	1.1964496	8.212383	-2.9215086	320000	3.0517577e-09	5.4998813	-0.024395661	-0.6264858	22.228868	0.015487277	0.1158	24.0	11386.822380542755
64	0.46302977	5.7116776	7.9839535	-10.694239	235.35	3.9770765	1.3139879	7.0560136	-2.938763	325000	3.0517577e-09	5.0857396	-0.023506459	-0.6491828	22.231174	0.015309009	0.1098	20.0	11548.179891109467
65	-0.45778352	5.598965	7.855868	-13.470657	192.11539	3.354875	1.6547534	6.6812	-5.1635284	330000	-2.2888184e-08	5.6799045	-0.025811648	-0.52118826	22.246538	0.016872803	0.132	18.0	11811.406018972397
66	1.782881	4.882725	10.183793	-4.297332	213.43478	3.1653361	1.5775163	6.431083	-4.4830766	335000	6.713867e-08	6.4110765	-0.042941924	-1.4529004	22.241768	0.014674129	0.1972	79.0	11973.179808855057
67	0.04957847	5.6033983	9.220331	-11.429864	207.45833	4.1940126	1.6238763	9.09371	-4.5688915	340000	-5.493164e-08	7.2007623	-0.020767316	-2.9380164	22.186424	0.01595899	0.1396	13.0	12134.935358762741
68	0.62686825	6.2836213	9.781863	-11.274731	240.25	3.0007439	2.0888734	7.6355934	-6.8201456	345000	-6.1035155e-09	5.49902	-0.041862138	-0.644485	22.195604	0.015018073	0.209	69.0	12296.337470769882
69	1.1998512	5.9534087	10.592248	-10.746109	245.36842	3.4393528	1.6431763	7.066245	-5.853494	350000	4.8828124e-08	6.467319	-0.026126012	-0.91135025	22.169214	0.015735328	0.1478	19.0	12457.667103767395
70	0.27687642	6.419402	11.483061	-8.530554	184.11111	3.8915048	1.7293342	8.750368	-4.2688384	355000	4.8828124e-08	7.7331233	-0.019793883	-1.1937537	22.16397	0.016095523	0.133	11.0	12720.636222839355
71	0.77581173	8.435061	12.15786	-16.622461	214.86957	3.8547606	1.9667183	8.584367	-4.7985163	360000	-5.0354004e-08	10.300111	-0.016453652	-2.3210516	22.173262	0.017694928	0.1326	10.0	12882.284871339798
72	0.9925232	7.333417	13.028088	-10.760219	203.79167	4.888245	2.5147061	9.345567	-9.29987	365000	2.4414062e-08	8.710662	-0.041244607	-0.7807236	22.166962	0.0124984635	0.18	79.0	13044.289452075958
73	3.1139464	6.443645	13.262924	-10.435958	273.0	5.1169705	1.8922952	11.251396	-6.031686	370000	9.155274e-09	6.9010344	-0.03271555	-0.644794	22.180803	0.0152906375	0.1682	57.0	13205.24989104271
74	0.88773894	6.7211127	11.046741	-9.516803	211.13043	4.7061615	1.8882724	9.461908	-4.9417605	375000	-1.2207031e-08	6.635371	-0.020973492	-0.72726727	22.141365	0.015545814	0.1404	16.0	13366.798513889313
75	1.5976921	6.2080255	11.552762	-13.54878	211.65218	4.2621946	2.1487846	8.861052	-5.367557	380000	-3.051758e-08	8.532892	-0.037604522	-0.7321377	22.158604	0.015423418	0.1806	43.0	13629.716903448105
76	-1.9265194	6.422809	10.034155	-14.83501	142.4	3.678161	2.7469378	8.670248	-9.084558	385000	1.8310548e-08	7.50396	-0.029838104	-1.3354912	22.124355	0.015564484	0.1446	24.0	13793.00297832489
77	-0.41440186	6.656932	9.752542	-11.856796	191.92308	3.7644374	2.34978	8.7844095	-6.3653584	390000	-1.525879e-08	7.6392326	-0.043692507	-0.92918825	22.09422	0.015309255	0.2026	59.0	13955.140847921371
78	3.5550616	5.858717	11.05618	-5.632711	277.33334	4.473387	1.656575	8.944612	-7.456546	395000	-4.5776368e-08	8.309749	-0.03469626	-1.1839519	22.099703	0.015129538	0.1498	57.0	14116.374766588211
79	-0.5976255	7.7151456	12.36269	-13.955871	196.2	4.681801	2.1153996	10.605623	-5.0226583	400000	-3.6621095e-08	9.323152	-0.018494422	-2.530064	22.04676	0.017682375	0.146	10.0	14278.492594718933
80	2.0253198	6.2854514	11.410498	-7.3706956	246.21053	4.4831057	1.7662565	8.056218	-7.139817	405000	-1.2207031e-08	7.9115624	-0.04328092	-1.102706	22.079681	0.014398264	0.1936	79.0	14541.438964605331
81	4.6623926	4.6373553	12.496136	-5.028619	308.4375	5.2677345	1.3533218	11.777889	-4.2319283	410000	9.765625e-08	5.7535315	-0.02436593	-0.821887	22.096687	0.015593261	0.1302	31.0	14702.01807641983
82	0.8097354	7.99614	12.679527	-10.833201	225.7619	4.265771	1.8700051	8.23924	-4.5526185	415000	-4.4250488e-08	7.012422	-0.02449958	-0.71635437	22.09044	0.015433698	0.1386	25.0	14863.576190948486
83	4.54775	5.517468	13.988893	-4.1190057	292.0	4.918108	1.8225827	9.867498	-5.0803256	420000	-3.051758e-08	8.874082	-0.02975858	-0.5644541	22.086641	0.015386722	0.1676	39.0	15024.640379667282
84	1.6735466	7.2425823	11.922023	-9.518519	225.5238	4.6078067	2.3195868	10.876797	-8.565553	425000	1.2207031e-08	8.477589	-0.032321364	-1.1649041	22.061022	0.015250397	0.159	44.0	15186.3226044178
85	-0.67518437	6.4450793	11.116786	-10.691299	178.38461	4.8916984	2.484629	11.168952	-8.088719	430000	1.8310548e-08	9.614675	-0.026749322	-2.4147696	22.041872	0.015488289	0.1368	19.0	15450.063588380814
86	2.807	5.855837	11.708289	-6.848831	251.10527	4.676585	2.000224	10.585933	-6.8190494	435000	-2.1362304e-08	7.6629596	-0.028357541	-1.2183137	22.044113	0.015924273	0.157	21.0	15611.374173164368
87	1.7177033	7.7819085	12.035594	-9.150994	199.70833	5.009904	2.0326383	10.168109	-5.6946497	440000	6.1035155e-09	8.086248	-0.027738344	-1.2376795	22.0496	0.016278343	0.1512	28.0	15773.166601896286
88	-0.9067063	7.922527	13.116854	-13.959841	185.14815	4.79541	3.143624	13.029865	-8.320734	445000	5.493164e-08	9.002137	-0.02822642	-1.8699183	22.05774	0.016838714	0.1582	22.0	15935.307034730911
89	2.3762758	7.2367754	13.654017	-11.16695	226.42857	4.549093	1.9478157	10.2031355	-6.1620846	450000	-4.2724608e-08	10.225935	-0.015521215	-1.2812004	22.012276	0.016817853	0.0928	9.0	16096.874837636948
90	2.4785593	6.338293	14.899036	-7.606036	224.09525	5.034518	2.2233639	11.043735	-8.364705	455000	2.4414062e-08	9.622332	-0.03691873	-1.2892046	22.032663	0.015032013	0.171	59.0	16359.888788700104
91	3.3847804	6.972968	12.907799	-10.705222	246.1579	5.308162	1.8312151	11.838019	-3.379592	460000	5.0354004e-08	7.6980143	-0.022243652	-1.1713004	22.010288	0.016511532	0.1424	16.0	16521.019763708115
92	1.1299611	8.135389	13.320597	-12.396665	209.13043	5.4167533	2.7050579	12.140155	-7.430581	465000	-1.8310548e-08	9.720093	-0.037542693	-1.0501747	21.986727	0.015270383	0.169	55.0	16682.89667582512
93	3.5520146	6.6559086	13.833045	-5.745855	236.8	5.620634	2.1404805	11.59546	-5.158604	470000	-6.1035155e-09	10.632428	-0.027529513	-1.8274221	21.973063	0.015575888	0.1436	30.0	16844.123542785645
94	2.3461998	9.029402	15.898712	-12.611925	214.34782	5.446372	2.5933073	11.843621	-7.3018317	475000	6.713867e-08	11.671401	-0.026817504	-1.7573595	21.975092	0.01539364	0.1402	23.0	17005.823224306107
95	2.3621583	7.0748005	14.396318	-7.5319643	194.44	6.3293066	2.737439	14.157544	-6.426551	480000	-3.967285e-08	11.640353	-0.018733183	-2.5312471	21.959053	0.01869267	0.1402	10.0	17269.20067834854
96	2.629018	7.6510215	16.39011	-11.56627	229.28572	5.330088	2.7763824	10.907876	-9.232522	485000	-2.4414062e-08	11.462454	-0.030725947	-1.6816168	21.98505	0.01548792	0.1846	33.0	17430.733580350876
97	3.4719956	8.674919	15.453635	-11.65397	235.5	5.5748906	2.5054817	10.74154	-7.966399	490000	5.1879884e-08	13.886976	-0.039379057	-3.1837044	21.99252	0.015076281	0.1858	72.0	17592.294190883636
98	3.6600266	8.363173	14.524098	-13.238811	257.0	7.1492133	2.311678	13.931895	-5.9893246	495000	-3.967285e-08	12.613237	-0.018016273	-1.6694088	21.956661	0.01641318	0.141	13.0	17753.33539867401
99	4.2592635	7.451856	14.896416	-9.841861	250.52632	6.345168	2.4068766	12.753405	-7.86396	500000	-1.525879e-08	10.08009	-0.029523533	-1.8186569	21.955997	0.015380852	0.1742	31.0	17914.595427274704
100	6.349512	7.4434524	15.515755	-7.9880095	330.26666	6.4037943	2.024247	11.576299	-9.205625	505000	6.1035155e-09	14.454709	-0.04261266	-1.7829771	21.957354	0.012944202	0.2072	79.0	18176.411690950394
101	3.219902	8.423028	15.369528	-12.510302	239.15	6.0607147	2.3198414	12.351034	-5.191558	510000	-6.1035155e-09	9.677192	-0.025661139	-1.894484	21.929026	0.015886443	0.1354	23.0	18337.62210059166
102	3.2882476	7.388508	13.749262	-14.280203	235.8	6.1991735	2.29846	13.764113	-5.809526	515000	-1.6784668e-08	11.061245	-0.02445865	-2.4225883	21.91128	0.015318641	0.108	24.0	18498.904873609543
103	2.092897	8.277848	16.093245	-11.209569	216.81818	5.83269	2.4229202	11.181139	-7.246631	520000	1.0681152e-08	9.017447	-0.019605314	-1.1624694	21.953615	0.016310204	0.108	13.0	18660.467651605606
104	1.7466956	7.161397	15.807744	-8.969101	210.73914	5.9072547	2.6147676	12.156067	-9.088367	525000	-1.2207031e-08	12.927739	-0.033051778	-1.9656286	21.930058	0.015447662	0.1878	35.0	18822.16425180435
105	3.698514	7.9115386	14.345124	-9.268723	218.63637	5.3959646	2.3340135	10.31802	-6.3450484	530000	-3.6621095e-08	13.111353	-0.019882198	-3.2491608	21.9249	0.016242456	0.1168	12.0	19085.17242693901
106	3.0251827	8.535579	14.916024	-11.883765	204.54167	6.456129	2.7412024	14.643885	-6.213178	535000	-2.746582e-08	12.511323	-0.020233016	-1.9100056	21.910301	0.017425675	0.1314	14.0	19247.058955430984
107	4.6216726	8.812766	16.348652	-12.711023	246.05263	6.717416	2.5127468	16.671822	-5.032379	540000	0.0	12.236209	-0.01846706	-1.3604565	21.927727	0.016482078	0.1462	16.0	19408.210559129715
108	5.340956	7.4687057	14.65737	-6.751168	272.2353	7.198436	2.5598235	14.200345	-7.2597165	545000	6.1035155e-09	10.942741	-0.03927765	-1.5878153	21.881144	0.0107873315	0.1876	79.0	19569.201730012894
109	6.289718	7.322773	16.331642	-6.518252	277.55554	7.616994	2.5487778	17.063976	-3.6065493	550000	-1.8310548e-08	12.949131	-0.030590698	-2.5258942	21.88323	0.015718846	0.1412	34.0	19730.246720075607
110	3.2558272	10.886453	16.755316	-16.515753	247.47368	6.8745055	2.8523042	13.941022	-10.778263	555000	-2.4414062e-08	10.179263	-0.014916489	-1.3285542	21.912235	0.016553294	0.0982	11.0	19992.718991279602
111	1.8687234	7.6936007	13.570858	-13.240988	184.66667	6.411986	3.3040204	12.277342	-11.884668	560000	-4.4250488e-08	9.808781	-0.026791573	-1.6960926	21.902132	0.015995838	0.1548	18.0	20155.319229364395
112	1.145996	9.272187	16.617842	-11.317298	180.37038	6.045593	3.3192387	14.073338	-6.803762	565000	6.1035155e-09	10.548506	-0.029798953	-1.684289	21.906832	0.015044127	0.1594	44.0	20321.50166964531
113	3.1356883	8.226759	17.556145	-9.054323	226.90475	7.0217767	3.059394	15.024953	-7.643038	570000	2.1362304e-08	12.153	-0.021228123	-2.0257635	21.889084	0.01650049	0.1648	11.0	20486.599346876144
114	6.76361	7.67733	14.966676	-9.758811	308.5	6.938888	2.3686643	14.247411	-3.7831979	575000	-5.493164e-08	10.632184	-0.029201789	-1.2921152	21.924099	0.015412292	0.1346	43.0	20651.51561665535
