Epoch	AverageEpRet	StdEpRet	MaxEpRet	MinEpRet	AverageTestEpRet	StdTestEpRet	MaxTestEpRet	MinTestEpRet	EpLen	TestEpLen	TotalEnvInteracts	AverageQ1Vals	StdQ1Vals	MaxQ1Vals	MinQ1Vals	AverageQ2Vals	StdQ2Vals	MaxQ2Vals	MinQ2Vals	AverageVVals	StdVVals	MaxVVals	MinVVals	AverageLogPi	StdLogPi	MaxLogPi	MinLogPi	LossPi	LossQ1	LossQ2	LossV	Time
100	-45.754414	22.921154	-11.241207	-140.33969	-25.943548	2.0060706	-21.38006	-27.780193	126.77	39.5	166	-3.9354413	3.9144378	8.3172865	-27.093163	-3.9409654	3.9090676	7.8357563	-27.480585	-3.7359903	3.8495443	7.822328	-26.541773	-1.6668255	2.4567068	42.848923	-12.170129	3.5324326	0.28798902	0.27945897	0.1644527	517.936870098114
200	-41.72597	25.877718	-10.0	-152.1289	-3.406835	0.5732812	-2.6553912	-4.4909434	115.76	50.9	135	-9.607994	6.278924	8.658094	-37.50675	-9.608376	6.2800283	8.494583	-37.456673	-9.4487	6.2006693	8.173293	-38.354374	-2.2342463	0.8445336	7.5511436	-12.260605	8.922436	0.6462194	0.64201146	0.2029618	997.0277156829834
300	-48.19043	23.185678	-9.121788	-146.34338	-11.008192	4.3645287	2.0085306	-13.648561	123.18	13.9	48	-5.2800837	5.5359597	9.424169	-35.12613	-5.280771	5.5363746	8.790783	-35.199955	-4.8793707	5.411611	8.604209	-35.380722	-2.1000323	1.4182544	8.040957	-12.032877	4.104357	0.36743823	0.3648101	0.22130652	1492.1128928661346
400	-45.889137	22.111805	-10.0	-137.34128	-6.441677	2.886207	-4.677665	-14.834083	129.16	43.4	120	-5.741207	3.9209337	7.2431836	-28.412848	-5.7408886	3.9211843	6.514719	-28.025093	-5.495507	3.7603803	6.4408283	-27.580736	-2.4334254	0.8952401	4.859212	-9.817878	4.8449006	0.20901667	0.207375	0.1326256	2021.8087668418884
500	-45.695187	26.431822	-0.59572095	-174.15724	6.1864486	6.738065	9.742397	-13.943542	120.97	47.4	108	-5.534143	4.224398	7.789201	-33.05442	-5.534633	4.2233047	7.8797154	-32.760452	-5.217112	4.084113	8.05087	-32.85585	-2.4189162	0.9118991	4.691736	-11.683913	4.6658726	0.22914748	0.22862644	0.10743007	2528.1841082572937
600	-45.69174	20.68935	-10.0	-138.71864	-0.34355563	2.7464933	1.6385415	-8.372237	136.02	47.2	123	-5.765794	4.867215	7.908435	-37.74601	-5.765625	4.866966	8.049911	-37.599064	-5.4873853	4.73572	7.8372917	-37.111988	-2.4122586	0.8922231	5.2884426	-10.025332	4.949654	0.29059777	0.29063842	0.11563861	3094.022624731064
700	-45.20884	19.78337	-10.0	-114.51178	-10.889927	1.216783	-9.732206	-13.83201	126.36	42.1	86	-5.7499456	5.1335692	8.738567	-38.30012	-5.7502937	5.133113	8.835826	-38.983017	-5.452002	5.0048027	8.918283	-37.540604	-2.3648345	0.9647045	5.7288704	-11.339169	4.8849487	0.32216138	0.3224957	0.11992655	3620.5658509731293
800	-43.072163	23.090307	23.629885	-135.67902	-16.659864	0.8417942	-14.437121	-17.701176	127.73	36.2	66	-4.733684	5.4625072	11.370723	-39.62324	-4.734443	5.46183	11.246231	-40.370052	-4.390719	5.346746	11.188674	-38.641083	-2.3500683	0.9940533	5.809368	-12.259711	3.8606699	0.35836	0.35874042	0.12275257	4141.14839220047
900	-40.494408	17.52924	-10.0	-103.09249	-0.8071191	3.1806276	8.31998	-3.8409102	117.05	47.2	68	-2.767589	5.597519	12.835048	-37.762497	-2.7683554	5.596925	12.541088	-38.666847	-2.4094665	5.457311	12.395407	-37.082996	-2.3073597	1.1023761	5.81159	-11.378401	1.8156545	0.36474243	0.36495093	0.13780575	4621.632551431656
1000	-42.115005	22.887606	-4.1670346	-104.98879	13.839142	10.208606	19.553038	-16.594954	112.35	49.3	98	-3.4151866	5.5380163	12.172603	-37.858032	-3.415104	5.538553	11.848779	-38.190132	-3.0982409	5.3986983	11.886024	-37.22309	-2.3492901	1.0203758	5.0695105	-9.571388	2.5275583	0.34874806	0.34665322	0.13203959	5084.5651087760925
1100	-21.287548	10.160873	-2.1250117	-50.101593	-4.8729205	3.8028836	-1.4389704	-15.986325	67.53	72.8	56	-3.9917822	6.225989	14.101391	-39.529934	-3.9918942	6.2268066	13.372403	-41.125393	-3.6774151	6.1661973	13.370987	-39.713158	-2.4447782	0.6914153	4.614174	-11.459372	3.4301682	0.4115631	0.41081148	0.07907611	5392.410388708115
1200	-23.579496	12.217981	8.298573	-68.22336	-13.846346	4.438897	-0.5763712	-15.909509	71.57	21.9	22	-4.8544245	7.863218	16.466871	-45.662354	-4.8539844	7.8644667	16.183949	-47.608826	-4.5585475	7.8400264	16.412302	-45.21858	-2.415191	0.6816906	5.60273	-9.642354	4.329345	0.67653793	0.6763721	0.085793085	5700.153467655182
1300	-21.568022	9.2610235	0.7868669	-47.149525	-23.932255	10.366985	7.128467	-28.110685	66.52	32.0	23	-5.9207616	8.823826	17.820646	-48.121426	-5.9192834	8.824936	17.46121	-51.448612	-5.6273956	8.810341	17.458244	-47.18688	-2.413688	0.697856	5.7270174	-11.83173	5.373011	0.91951627	0.92008156	0.096190706	5990.7290160655975
1400	-22.313198	11.255787	4.4894238	-67.496796	-12.8135395	1.4710522	-12.051277	-17.182606	62.72	12.7	60	-6.400109	9.160595	17.718672	-50.594456	-6.3987107	9.16171	17.57113	-53.545414	-6.092976	9.153609	17.780704	-49.843452	-2.4325716	0.69448686	6.3732996	-11.819962	5.8322916	1.0087368	1.0104126	0.099782534	6260.051077604294
1500	-16.81457	14.330462	18.009605	-53.782875	-12.695537	0.2549638	-12.307053	-13.141713	67.96	10.6	54	-6.3799706	9.368423	21.606352	-50.82535	-6.3792553	9.368136	21.279955	-53.712696	-6.0534153	9.359184	21.406729	-51.12618	-2.4549744	0.67066014	5.5652933	-10.579084	5.798815	1.0047078	1.0092182	0.097360656	6548.475689649582
1600	-17.938337	8.684677	-2.502336	-47.981316	10.8455715	3.4425328	13.604991	1.466003	61.24	51.9	55	-5.9031153	9.408145	22.01455	-50.890156	-5.9022093	9.408272	21.761192	-53.448666	-5.569174	9.403784	21.654884	-50.006638	-2.4819582	0.6391444	5.005314	-10.230267	5.320313	0.9462034	0.94772184	0.09254666	6823.960108280182
1700	-12.73308	11.580817	42.09272	-37.625572	-18.200077	0.83670235	-16.582653	-19.740067	65.61	48.9	65	-5.605246	9.383708	21.99994	-48.527115	-5.6038685	9.383109	21.479969	-50.273502	-5.270839	9.377952	21.889244	-47.53295	-2.5045764	0.60278016	4.054715	-12.721485	5.032871	0.8858307	0.888733	0.087043814	7116.022883415222
1800	-13.461445	11.44205	19.02535	-34.558823	-11.866286	3.5537984	-1.2583581	-14.01597	57.54	20.3	70	-5.485773	9.465056	22.33471	-45.403076	-5.4847255	9.464432	21.865747	-47.455032	-5.152481	9.462217	22.124067	-44.6091	-2.5255008	0.56816655	3.2382498	-9.740456	4.9156957	0.83248985	0.83804387	0.08530849	7366.718283891678
1900	-12.752689	13.494489	33.91363	-44.1446	-15.232948	4.0737424	-3.0510936	-17.034378	65.11	23.1	50	-5.5551257	9.619403	23.440866	-44.379837	-5.554217	9.618473	23.373707	-45.882675	-5.2242007	9.617147	23.80064	-43.968807	-2.5361946	0.5539214	3.009531	-10.741686	4.9928727	0.82405704	0.8301641	0.08185852	7648.678186416626
2000	-15.623182	11.47941	35.51875	-35.500053	6.900561	8.198569	10.654941	-17.643265	50.15	53.6	101	-5.5962157	9.603233	24.000963	-44.27501	-5.595047	9.601949	23.789978	-44.386375	-5.266131	9.605555	24.17604	-43.399677	-2.5425465	0.5413886	1.9138718	-9.993713	5.0384173	0.81034726	0.82088596	0.07937373	7879.898416519165
2100	-19.117939	7.178178	-2.9408967	-35.53195	-9.303173	2.960885	-7.390986	-17.77336	46.1	48.5	65	-5.576184	9.6149845	24.229198	-43.601162	-5.575068	9.614317	24.15585	-44.67826	-5.244666	9.617683	24.716833	-42.802254	-2.548003	0.53434587	2.2504025	-10.699821	5.017485	0.78397346	0.7924635	0.078775264	8093.713616609573
2200	-9.590995	13.057587	15.696326	-35.069874	-17.980627	0.68284804	-16.890097	-19.685823	58.86	34.8	67	-5.5874467	9.662405	24.449366	-41.938698	-5.5866985	9.661045	24.57135	-43.5552	-5.2577896	9.667541	24.951967	-41.77282	-2.559635	0.5240163	1.6431246	-11.495733	5.0291653	0.765516	0.77701527	0.079069465	8354.680987596512
2300	-14.248011	14.273845	18.437225	-38.308132	-15.5631075	9.959993	14.29106	-19.548561	56.62	40.3	41	-5.6077847	9.810395	25.049757	-42.208984	-5.607156	9.809616	25.042603	-43.948883	-5.2790155	9.818684	25.728785	-41.61353	-2.5709586	0.50887054	3.9188523	-11.04508	5.048709	0.7436432	0.7556743	0.080225274	8608.223799705505
2400	-13.3860035	11.01408	12.374017	-32.912872	-0.39986888	4.2829432	11.858952	-5.3795276	48.7	45.9	26	-5.5719852	9.934045	25.798182	-42.192005	-5.5713696	9.932613	26.090631	-44.24343	-5.2435365	9.946216	26.236141	-42.594585	-2.5811832	0.49843732	2.3375177	-9.914058	5.0118656	0.7158294	0.72835046	0.08113472	8831.642964363098
2500	-13.263432	13.01253	18.53019	-35.81427	-19.683558	1.593532	-15.262871	-21.493544	57.19	38.4	72	-5.5912495	10.00098	25.927214	-41.762245	-5.5908437	9.999657	26.071459	-42.95235	-5.2628245	10.011322	26.362543	-41.45843	-2.5934463	0.48414817	2.5220838	-11.1551695	5.031024	0.71550363	0.7271205	0.08085134	9087.02112364769
2600	-17.665	11.050585	16.937023	-39.58884	-3.705571	4.942349	-0.8135392	-18.214584	46.76	46.8	18	-5.5989494	10.078163	26.00385	-41.772575	-5.598535	10.077072	26.167507	-42.497246	-5.2658305	10.090039	26.513351	-41.584583	-2.6044056	0.4744026	1.8734345	-9.149424	5.0339255	0.6894036	0.6998621	0.08473964	9303.148920536041
2700	-15.831332	10.715811	12.737685	-41.637886	1.2702209	3.0247169	10.0	-0.9054865	50.64	44.0	29	-5.508449	10.122502	26.661768	-41.38777	-5.5082226	10.120793	26.787333	-43.170635	-5.1765337	10.135792	27.107616	-41.565857	-2.6139061	0.4635814	3.3688426	-9.766148	4.945007	0.67514825	0.6884064	0.08298159	9533.670359373093
2800	-9.2457	11.991718	12.950169	-36.438576	-18.780807	7.360407	3.2277882	-21.964693	56.68	26.5	65	-5.499919	10.187406	27.028757	-41.68036	-5.4998083	10.186785	27.118149	-42.788273	-5.165418	10.20145	27.509514	-41.751446	-2.624726	0.4512119	3.3045168	-11.262295	4.935843	0.6591088	0.6695976	0.083434545	9783.021881341934
2900	-9.600322	13.29255	31.992	-50.5549	-9.990035	1.1960183	-8.63986	-12.545671	64.51	47.7	75	-5.430126	10.256355	27.053198	-41.787838	-5.429976	10.254758	27.212122	-42.652813	-5.0985165	10.272122	27.471092	-41.514793	-2.6316316	0.44184607	1.9713717	-10.08994	4.8693857	0.6358256	0.64765847	0.08285342	10070.79737997055
3000	-8.059873	12.439893	14.392372	-32.98145	9.364653	3.3066022	12.514398	0.12387272	62.59	49.8	45	-5.392371	10.328114	27.190851	-41.367737	-5.392246	10.326485	27.462236	-42.42212	-5.06111	10.342379	27.805168	-41.600105	-2.641235	0.43087095	2.5313377	-10.113613	4.830083	0.6334038	0.6443592	0.08377376	10351.397782564163
3100	-16.126259	8.281427	15.942618	-37.14109	-16.620625	2.468166	-9.700298	-19.963665	44.17	32.4	22	-5.397398	10.402703	27.390947	-41.577393	-5.397177	10.401222	27.247004	-42.994904	-5.067876	10.417359	27.793362	-42.22341	-2.648262	0.41916257	1.6703873	-11.263068	4.8343706	0.619739	0.6313531	0.08511251	10552.505762577057
3200	-13.206781	12.226642	16.952911	-46.18384	15.445145	9.234825	19.8013	-12.065979	59.77	54.3	41	-5.437751	10.403213	27.48566	-42.12169	-5.4376054	10.402203	27.468658	-43.117947	-5.1059413	10.417513	28.037558	-42.47967	-2.6538153	0.41066137	2.191144	-9.914233	4.8739166	0.6188721	0.6299857	0.08301696	10823.433384656906
3300	-17.825466	9.7868805	8.185313	-36.18076	-1.2331136	5.6172876	2.3808823	-17.95657	47.37	50.2	38	-5.4606147	10.418781	27.505775	-42.37315	-5.4604955	10.418117	27.760567	-43.585342	-5.1287274	10.435002	28.00246	-42.827766	-2.659071	0.4057527	0.9617748	-11.605014	4.8972073	0.6122927	0.6238989	0.08305381	11043.64496421814
3400	-19.929237	6.1635675	-0.76199615	-35.514946	-16.436586	0.41654888	-15.748319	-17.194918	42.08	20.0	50	-5.4200406	10.449534	27.955477	-42.931557	-5.419885	10.44801	28.046051	-43.985508	-5.0837927	10.464677	28.596066	-43.586758	-2.6659596	0.39492732	1.174963	-9.635934	4.85421	0.5988707	0.61082673	0.0826865	11232.61260008812
3500	-13.785131	14.075106	49.448643	-43.93838	-16.070934	3.3180087	-13.647471	-25.320696	59.07	38.9	20	-5.421743	10.373569	28.208447	-43.176243	-5.4215555	10.372973	28.45357	-43.71835	-5.085036	10.387697	28.712923	-43.889156	-2.6695392	0.39475575	1.1111317	-9.910141	4.857502	0.60167027	0.61155605	0.08206577	11495.949622392654
3600	-16.369623	14.944624	53.28002	-47.644207	-9.924388	1.2134264	-8.737312	-13.014843	57.59	42.9	11	-5.3225975	10.437017	28.31093	-42.99178	-5.3223777	10.43624	28.345652	-44.353455	-4.9872136	10.45021	28.755945	-43.3511	-2.6730762	0.3900402	0.87552786	-7.9080057	4.7582307	0.5931782	0.6033057	0.081444085	11755.194366693497
3700	-17.667574	10.542358	21.03428	-40.549435	-13.339201	1.1011857	-11.128654	-15.729901	49.05	39.1	20	-5.3477855	10.509946	28.715693	-43.245747	-5.347661	10.509265	28.461365	-43.3241	-5.0123982	10.523421	28.957157	-43.090355	-2.6797655	0.37735856	0.2516675	-9.93189	4.7848845	0.6032051	0.6125379	0.08215002	11978.034987449646
3800	-16.781199	9.567785	14.109922	-37.398624	-17.355204	0.68824756	-16.057835	-18.52625	43.88	35.8	50	-5.389389	10.537702	29.600292	-42.20668	-5.388964	10.536676	29.510656	-42.87035	-5.0515637	10.5488205	29.973545	-42.411263	-2.6824608	0.36704758	0.42993736	-8.079367	4.8253508	0.5912792	0.6019569	0.08290964	12179.465297937393
3900	-13.451034	10.043779	19.696043	-34.703175	-17.051369	5.7025948	-0.0037967213	-19.774681	50.13	40.0	12	-5.3087473	10.522053	29.902822	-42.293816	-5.3085947	10.521222	29.432104	-42.329792	-4.9695816	10.532926	29.82583	-42.286232	-2.6877425	0.35768554	0.28365707	-8.691842	4.7458463	0.5756988	0.585115	0.07995088	12407.553995370865
4000	-14.960516	10.548076	11.933265	-36.325916	5.773486	5.225988	9.296711	-9.508543	59.53	48.8	72	-5.3023977	10.543301	30.226685	-41.658024	-5.302429	10.54284	30.130474	-42.25924	-4.9621224	10.551494	30.659527	-41.441864	-2.6945806	0.34834847	0.34181595	-8.640099	4.741291	0.5623385	0.57251495	0.08082808	12676.187255620956
4100	-15.176075	12.281415	50.440628	-37.84043	15.032603	10.857538	20.107569	-17.374067	54.59	50.1	53	-5.2780104	10.529767	29.910578	-41.783955	-5.2780514	10.529216	30.062452	-41.105	-4.9370737	10.5382	29.973097	-41.56035	-2.7000444	0.3350839	0.7882252	-8.468023	4.7183595	0.5855498	0.5968096	0.08089419	12924.94992017746
4200	-12.84606	12.710574	22.069166	-50.519184	10.55154	7.7153287	14.370987	-12.478057	52.84	51.3	72	-5.127341	10.606061	30.201286	-40.999428	-5.1274366	10.605669	30.658976	-41.14977	-4.7858415	10.614957	31.242054	-40.7819	-2.7027836	0.32539484	0.4036169	-8.668095	4.568186	0.5719105	0.5818031	0.07903117	13167.559170722961
4300	-15.582318	9.647605	7.054611	-32.454117	-13.914061	0.83054596	-13.266861	-16.270308	58.83	17.1	68	-5.071809	10.706701	31.075981	-41.261612	-5.0718036	10.705988	31.357367	-41.315	-4.7262344	10.716263	31.45676	-41.176666	-2.709262	0.31232527	0.11680317	-9.014341	4.5094843	0.56839997	0.5791585	0.080917425	13422.942889213562
4400	-15.821259	9.906671	9.516245	-38.1769	-9.908991	0.5611377	-9.108413	-10.743415	56.19	42.0	61	-5.056165	10.781304	31.411293	-41.7945	-5.056082	10.780244	31.288082	-41.10147	-4.710661	10.789093	31.991203	-42.17136	-2.7108216	0.3082032	0.19808054	-8.496162	4.4955983	0.56456333	0.57481146	0.080072284	13675.449577569962
4500	-17.992918	11.392828	13.2055235	-34.949486	-14.783214	8.966844	11.966093	-19.718739	50.75	28.3	61	-5.098956	10.773588	31.38791	-41.32104	-5.098868	10.773197	31.960388	-41.381454	-4.7530227	10.780789	32.18252	-40.99136	-2.7134836	0.3034611	0.11413288	-8.767354	4.5392036	0.55604196	0.5664603	0.07972573	13902.091266155243
4600	-20.963438	12.098355	21.09665	-44.113937	-13.67689	5.887119	3.9551816	-16.087173	51.61	18.9	79	-5.1095023	10.781007	31.826258	-41.08563	-5.109497	10.780388	32.183685	-40.979343	-4.7644753	10.787528	32.12467	-40.896645	-2.7141905	0.30342913	-0.05690956	-7.5617576	4.5507607	0.5580524	0.5682173	0.079556964	14135.377101421356
