Epoch	AverageEpRet	StdEpRet	MaxEpRet	MinEpRet	EpLen	AverageVVals	StdVVals	MaxVVals	MinVVals	TotalEnvInteracts	LossPi	LossV	DeltaLossPi	DeltaLossV	Entropy	KL	ClipFrac	StopIter	Time
1	-26.871958	13.928338	5.5147676	-62.59414	59.44578	-0.80817205	0.4904911	0.21833144	-3.5292482	10000	-2.746582e-08	403.3755	0.00027191927	-273.56702	3.6908915	0.024719272	0.2482	1.0	193.62592315673828
2	-26.672531	13.605841	-1.8097687	-65.89842	56.88506	-16.247223	4.1120396	-6.1283684	-31.211962	15000	6.1035155e-09	117.1856	0.04449943	-21.453354	3.6922612	0.1095875	0.5102	1.0	387.3670656681061
3	-27.468592	14.091817	-6.0151424	-66.33074	58.127907	-17.756512	3.6538517	-8.389202	-31.606276	20000	1.525879e-08	116.594986	0.0076301405	-43.863686	3.6933007	0.020763494	0.1986	1.0	580.4811806678772
4	-24.396973	14.518252	-1.7213633	-63.265926	54.824177	-17.206102	4.686262	0.40745914	-33.0095	25000	0.0	77.56815	0.013575687	-43.19579	3.6774142	0.033206426	0.2626	1.0	777.0461995601654
5	-26.661943	15.1037	6.0370493	-62.51934	57.32184	-16.189272	7.6167126	5.090651	-38.23449	30000	-3.3569336e-08	58.247444	-0.02866212	-26.759098	3.6811922	0.013333542	0.1538	19.0	970.5815346240997
6	-24.698421	17.239298	14.857874	-67.07971	54.76923	-17.421577	9.41694	10.802923	-41.507797	35000	1.8310548e-08	49.43309	-0.02404974	-20.613487	3.669755	0.016439116	0.1694	15.0	1165.276555776596
7	-22.478428	12.62391	-0.27420127	-51.510452	55.322224	-17.144138	9.927318	5.755624	-45.045235	40000	-2.746582e-08	31.351288	-0.033501964	-15.565722	3.672403	0.01616183	0.2018	22.0	1359.6934802532196
8	-24.801476	13.326608	3.3440137	-65.98412	53.085106	-14.702205	8.520269	5.6856394	-38.948425	45000	1.2207031e-08	36.442745	-0.027396575	-14.982954	3.6704042	0.016728152	0.1826	15.0	1554.6648499965668
9	-28.324957	15.076162	0.55982864	-66.84841	60.646343	-17.738482	8.97417	4.71004	-41.821934	50000	-6.752014e-08	41.835434	-0.018299453	-21.584375	3.6653414	0.017480114	0.1376	8.0	1748.1625661849976
10	-28.132545	13.859487	4.015281	-56.76591	60.012047	-18.687378	8.612234	3.4891572	-41.484913	55000	-6.103516e-08	33.80346	-0.025457812	-14.242037	3.6569366	0.0133018475	0.1518	12.0	1944.6701021194458
11	-25.281582	12.845581	-4.9233747	-57.344383	57.264366	-16.968046	9.036457	5.2241554	-40.577988	60000	3.967285e-08	22.344454	-0.03602209	-10.320404	3.6699214	0.016041681	0.1908	21.0	2142.8429250717163
12	-23.313944	14.000292	4.426119	-64.87482	58.2	-14.076865	8.132235	8.916026	-38.53244	65000	-3.051758e-08	36.268314	-0.043552134	-18.04689	3.6674578	0.015726669	0.2438	32.0	2341.0118198394775
13	-24.95259	12.9113	-3.055177	-66.54881	57.091953	-15.776186	8.645308	8.284487	-45.028957	70000	-3.0517577e-09	35.56394	-0.015959283	-19.030678	3.7015028	0.016451316	0.1202	6.0	2539.2139098644257
14	-26.177332	15.765624	12.105109	-60.5857	58.164707	-18.769613	10.62334	5.1928515	-49.237	75000	3.6621095e-08	33.52981	-0.01799285	-13.525423	3.6726446	0.015818622	0.1638	10.0	2737.5093834400177
15	-24.060528	14.382876	10.770501	-57.35248	59.710842	-15.545372	8.696458	12.276585	-42.052704	80000	-3.967285e-08	21.838936	-0.025087507	-11.815994	3.6334996	0.0140263	0.1722	11.0	2935.3214662075043
16	-23.015598	14.411597	11.967426	-80.66298	58.788235	-17.094446	10.057842	10.760785	-47.890465	85000	5.0354004e-08	28.272438	-0.021175204	-14.051326	3.6340914	0.015297029	0.1738	9.0	3133.5731167793274
17	-24.077972	14.309695	5.424284	-64.21253	58.658825	-15.36845	10.234026	10.539443	-45.482006	90000	6.713867e-08	30.350487	-0.016907055	-16.842525	3.650393	0.018854981	0.199	7.0	3331.5852167606354
18	-28.725145	13.606606	2.095791	-56.729504	64.792206	-18.131985	9.295438	5.103243	-43.844578	95000	-3.051758e-08	28.977282	-0.027155396	-15.531161	3.6299784	0.016415007	0.1734	12.0	3528.2903537750244
19	-24.890808	16.798306	0.4048116	-82.81734	60.444443	-15.490724	8.986199	13.172934	-38.373722	100000	-9.918213e-08	53.527325	-0.015267574	-38.24663	3.6440098	0.012959192	0.1164	5.0	3725.8204514980316
20	-23.933859	15.104248	6.9170814	-68.38248	60.939026	-16.602007	10.739821	8.816256	-47.34352	105000	-7.019043e-08	31.295609	-0.025226703	-20.746857	3.6075976	0.016082285	0.1692	12.0	3923.7434227466583
21	-24.40935	14.5882225	1.8557806	-62.277077	57.717648	-16.716988	9.972759	8.721003	-43.34066	110000	-1.2207031e-08	23.905212	-0.024014007	-12.69378	3.6283	0.016211104	0.1638	10.0	4122.036566495895
22	-22.20892	14.98475	6.425509	-51.043194	60.75	-15.634509	10.145284	7.590967	-50.335037	115000	1.8310548e-08	29.21845	-0.020555988	-16.39786	3.592016	0.018589642	0.165	9.0	4320.9277329444885
23	-25.26743	13.64903	-4.4346986	-53.2531	62.0375	-17.852648	9.63481	8.972768	-43.41523	120000	5.8746338e-08	19.781662	-0.022621412	-12.208113	3.5602882	0.014674576	0.1464	9.0	4519.374553203583
24	-24.343624	14.931465	15.335267	-60.670662	62.886074	-14.980608	9.616482	14.849674	-44.90865	125000	2.4414062e-08	41.17382	-0.021142151	-19.354671	3.6036055	0.01946622	0.1812	9.0	4718.113667726517
25	-24.065037	14.745926	-0.08938287	-56.884342	65.46667	-15.395882	9.749567	8.670877	-46.62493	130000	-3.8146974e-09	24.322086	-0.020933872	-14.120831	3.6081445	0.0140065	0.1704	8.0	4916.592900753021
26	-24.35752	14.964264	-3.2237763	-61.367653	64.03846	-16.181646	8.901919	8.607993	-48.84995	135000	-1.525879e-08	23.73339	-0.023512693	-14.596976	3.5740216	0.014747858	0.1716	10.0	5115.108674526215
27	-26.234852	14.615959	0.19684823	-60.735516	65.22369	-16.178219	9.980037	14.907601	-48.435993	140000	4.8828124e-08	33.64788	-0.018400686	-22.71138	3.5798366	0.016896999	0.1506	7.0	5313.5723395347595
28	-27.440023	16.833021	0.7411246	-80.59884	70.957146	-17.397345	10.462595	10.33402	-55.823986	145000	-3.3569336e-08	36.748547	-0.02253574	-24.336372	3.6013093	0.018030398	0.168	8.0	5510.780583620071
29	-28.104937	18.370445	1.5801808	-86.14755	78.269844	-16.494942	9.237829	14.941809	-42.287224	150000	-3.967285e-08	40.567207	-0.018623509	-24.948612	3.59192	0.013188286	0.1528	9.0	5707.4752197265625
30	-26.226091	17.819399	-3.6491082	-86.78575	66.54667	-15.9205	8.833838	14.135994	-47.79016	155000	-3.8146972e-08	37.26769	-0.026612256	-27.022121	3.6099448	0.016752146	0.1938	13.0	5904.860724210739
31	-26.748215	13.95625	-1.9308054	-58.709892	81.18033	-17.277431	10.1433	5.741079	-48.39922	160000	4.8828124e-08	52.497574	-0.018465526	-37.9339	3.5890946	0.017623508	0.161	8.0	6098.562981367111
32	-25.117453	19.271646	6.008361	-76.88873	75.36364	-16.49843	11.167191	11.400239	-53.618114	165000	-7.324219e-08	33.703903	-0.012858492	-25.11261	3.6017046	0.018144632	0.1254	5.0	6292.417646884918
33	-27.15349	16.02054	-2.349376	-81.097565	78.935486	-16.77544	8.949993	8.470571	-45.418655	170000	5.79834e-08	30.791382	-0.013488963	-18.825378	3.5604043	0.014715402	0.1322	5.0	6485.91833281517
34	-24.12852	15.379682	2.7847219	-64.11981	70.7	-14.961437	8.861583	6.698786	-41.99812	175000	-8.5449216e-08	25.107763	-0.02760479	-17.259733	3.5895636	0.01543782	0.1752	15.0	6681.002910614014
35	-22.367397	13.869647	2.2304637	-62.35295	67.02702	-15.694208	9.72423	9.615123	-48.490456	180000	1.2207031e-08	22.98781	-0.018985234	-15.441532	3.5899508	0.019415976	0.1692	8.0	6875.561249256134
36	-23.76155	15.782654	2.2748764	-66.27602	76.52308	-15.282449	8.9673	6.0441804	-44.299515	185000	5.0354004e-08	16.382008	-0.022667404	-10.440791	3.5910919	0.018958539	0.1786	10.0	7069.105585336685
37	-22.25677	15.751299	-0.8056023	-65.18137	70.40845	-14.179431	9.633359	6.9610577	-46.48874	190000	-3.0517577e-09	27.395624	-0.019895013	-17.719883	3.5699368	0.018779773	0.1592	8.0	7263.501715183258
38	-24.95078	16.810017	-3.4125173	-80.30576	70.6	-16.538513	9.98865	6.619151	-50.42853	195000	-8.5449216e-08	23.61906	-0.012669891	-14.653722	3.5976243	0.012369351	0.103	4.0	7458.072160720825
39	-22.154161	16.028673	7.4812713	-75.637566	72.05797	-14.956821	9.17906	12.37034	-41.33674	200000	-6.5612795e-08	26.99114	-0.024695322	-20.065626	3.5770695	0.017249832	0.1584	12.0	7652.188889026642
40	-23.471878	14.105044	0.31927776	-61.785946	74.51515	-15.477216	10.371374	5.427058	-51.624493	205000	3.3569336e-08	29.457443	-0.010469867	-19.882835	3.5478516	0.018760843	0.192	6.0	7846.406013011932
41	-24.171686	16.83492	-3.0688012	-69.48355	81.91803	-16.197622	10.0765	3.9681504	-45.94513	210000	-1.0986328e-07	18.103569	-0.015782563	-10.58441	3.557263	0.01591601	0.1334	6.0	8039.366313695908
42	-22.584925	15.440076	-2.7086978	-89.67617	71.85507	-15.00055	9.9882145	5.899526	-63.046623	215000	-3.3569336e-08	25.465714	-0.016274938	-20.088331	3.5301192	0.02138989	0.1694	7.0	8233.847892999649
43	-26.9238	14.321312	-1.0859146	-72.337494	85.81035	-16.31716	9.082881	4.1326895	-50.368362	220000	-4.043579e-08	27.286957	-0.02354901	-17.834652	3.5441742	0.016091399	0.1726	9.0	8427.000458240509
44	-25.240345	15.911679	-0.44001287	-64.4003	75.13636	-15.247811	9.370758	8.560604	-40.167576	225000	9.155274e-09	22.330133	-0.03086589	-15.818581	3.5289192	0.015203276	0.198	17.0	8620.714208126068
45	-25.42845	16.231981	-0.114711896	-75.84981	83.0	-15.689814	8.843116	10.796454	-51.00029	230000	-7.6293944e-08	25.931189	-0.004743924	-18.451767	3.5781598	0.0019525532	0.0096	1.0	8813.713519334793
46	-20.3678	16.381659	4.5793753	-85.39348	76.06154	-14.030763	10.15851	9.62716	-49.99859	235000	6.408691e-08	17.442469	-0.0031919647	-13.291073	3.5428147	0.0048771664	0.064	1.0	9006.830617666245
47	-25.711386	18.048243	7.4894056	-84.13293	85.534485	-14.60787	8.533933	3.3966174	-47.742184	240000	-2.4414062e-08	36.5538	-0.00026323242	-25.720737	3.5081942	0.0064785513	0.1084	1.0	9199.801590442657
48	-20.638464	16.859303	-1.9371266	-65.61032	74.13433	-14.667747	10.158666	7.768893	-53.407787	245000	-6.637573e-08	22.416634	0.0011592605	-17.82219	3.541714	0.010305531	0.1194	1.0	9393.792199611664
49	-19.94181	17.455088	32.032692	-67.60146	81.29508	-15.418647	10.483674	9.450773	-52.153698	250000	-8.8500975e-08	40.07675	-0.010445645	-29.55546	3.5441728	0.01977178	0.1286	5.0	9586.59015583992
50	-21.718071	14.789042	8.517688	-64.80488	89.67273	-11.479999	8.706424	22.144855	-40.3441	255000	-7.324219e-08	25.012302	-0.029078504	-17.754725	3.532075	0.016985955	0.191	13.0	9778.949809789658
51	-23.014515	17.383554	29.350266	-72.52651	83.2	-14.425184	8.645991	8.508543	-38.20724	260000	-9.155274e-09	37.30867	-0.013467947	-24.45478	3.5989401	0.014994256	0.132	5.0	9972.04230761528
52	-23.732315	16.21951	-2.1901205	-69.584755	83.28814	-15.081101	9.459342	4.1016517	-47.68177	265000	1.0299683e-07	18.31316	-0.02228912	-12.425302	3.4973226	0.020238226	0.1786	10.0	10164.885950088501
53	-21.748884	15.000773	2.151766	-69.70668	79.241936	-14.267982	9.014982	5.1152215	-43.334568	270000	-2.4414062e-08	19.66997	-0.02348155	-15.271421	3.5470922	0.016740821	0.1598	11.0	10357.793959856033
54	-18.91723	11.511953	9.172955	-61.088074	73.970146	-12.976534	8.953939	13.432237	-46.93169	275000	-3.967285e-08	24.214676	-0.017063571	-16.593079	3.5377517	0.01437088	0.129	7.0	10551.06704711914
55	-23.087032	14.432507	6.596186	-65.462166	78.935486	-13.60483	9.51442	12.490143	-56.375896	280000	7.93457e-08	27.561247	-0.02638834	-21.370022	3.5591218	0.014446514	0.157	12.0	10744.342602968216
56	-22.473375	17.04734	0.0	-91.02417	73.17647	-13.823961	9.37178	17.810368	-53.783478	285000	-7.019043e-08	33.447346	-0.01874224	-28.566412	3.512798	0.016798146	0.1674	9.0	10938.58784198761
57	-21.329712	13.777765	-0.83761656	-53.999935	76.323074	-15.170647	10.989976	2.4585383	-57.485065	290000	-1.6784668e-08	22.211329	-0.009701857	-17.129158	3.526817	0.01185759	0.122	5.0	11131.633662939072
58	-24.27749	16.553074	-2.2018301	-77.943405	77.40625	-14.926706	9.707449	10.530403	-45.420574	295000	7.629395e-09	22.28268	-0.020644749	-16.041546	3.5229836	0.015797926	0.1442	12.0	11325.115415811539
59	-19.799095	12.97029	-0.7678641	-65.80723	78.52381	-12.659278	8.83575	7.441166	-40.43203	300000	1.0681152e-08	17.067778	-0.024130117	-11.743908	3.504537	0.018934231	0.1946	11.0	11518.486412286758
60	-23.191927	17.25634	9.763325	-85.564766	76.6	-13.9606285	9.023061	7.9415507	-46.185783	305000	1.525879e-08	27.974443	-0.022565909	-20.61267	3.5239313	0.014890445	0.1864	10.0	11711.989605426788
61	-23.525293	18.894806	5.6256166	-91.871895	73.74627	-15.533184	9.856047	5.574109	-48.294857	310000	-2.1362304e-08	15.147857	-0.024687592	-9.77606	3.5003333	0.016654715	0.1482	12.0	11905.685571670532
62	-20.456997	13.223568	-2.78774	-57.628563	76.71875	-14.018799	9.975771	4.9271317	-51.7973	315000	-3.4332274e-08	20.560379	-0.019948784	-16.246424	3.5140176	0.014635396	0.1266	7.0	12099.108483314514
63	-26.87694	17.232752	-1.211258	-74.8321	83.84746	-16.337395	10.55426	6.8143272	-54.577946	320000	-8.087158e-08	17.944027	-0.022537295	-12.391667	3.4917872	0.017620709	0.1888	9.0	12291.870103597641
64	-22.042292	14.535291	-1.4745405	-67.76874	87.210526	-14.269436	8.6972065	6.1866193	-46.914196	325000	-1.0986328e-07	21.403456	-0.01375469	-15.806747	3.5417604	0.016252255	0.1238	5.0	12483.878053665161
65	-20.97295	17.879503	24.169495	-65.98127	83.71186	-14.645904	10.753642	11.712288	-57.19051	330000	-4.119873e-08	32.28162	-0.01681087	-23.162457	3.5218747	0.01500297	0.1532	7.0	12676.511645793915
66	-23.341677	15.756545	-0.8385713	-89.19934	72.98529	-14.096822	9.792062	11.136329	-48.093758	335000	-6.408691e-08	31.529829	-0.03255503	-27.09328	3.5607598	0.015374887	0.2148	19.0	12870.500116825104
67	-19.817497	15.733238	11.434987	-67.20449	71.971016	-14.618564	10.0001	5.697335	-46.989956	340000	-4.577637e-09	47.681744	-0.01694596	-37.517376	3.5226133	0.017844388	0.1646	10.0	13064.74543261528
68	-21.934864	13.182875	3.999803	-52.73671	76.43077	-12.630849	9.295653	12.336758	-46.341087	345000	-9.155274e-09	24.583454	-0.019910317	-19.630072	3.4825985	0.020434855	0.2042	8.0	13258.557211399078
69	-22.852045	14.115741	-4.6429014	-60.782825	75.166664	-14.867488	9.011312	4.654178	-43.129642	350000	-7.324219e-08	25.40546	-0.027562257	-20.08763	3.495575	0.016536476	0.1588	15.0	13452.00309252739
70	-23.198153	14.92846	10.566087	-57.170143	89.89091	-13.425869	9.113379	10.590431	-47.193066	355000	-1.0986328e-07	20.079538	-0.021640081	-13.446423	3.491932	0.01574016	0.1432	9.0	13644.384315252304
71	-23.399185	20.542685	27.610374	-86.60202	93.0	-15.44413	9.885608	9.843793	-47.429222	360000	-6.1035155e-09	28.115309	-0.013772384	-18.317318	3.4946687	0.016584551	0.1396	5.0	13836.338160276413
72	-22.525272	14.4739485	2.237841	-60.133804	84.745766	-13.345914	9.399284	14.900817	-45.21951	365000	5.79834e-08	23.235775	-0.026309088	-18.865322	3.4903905	0.016257215	0.1718	12.0	14029.263560056686
73	-18.87078	14.864879	22.839357	-58.038624	80.09677	-13.227334	9.915152	13.577909	-39.586163	370000	-6.103516e-08	19.245785	-0.019780211	-12.647216	3.514734	0.017917424	0.1564	11.0	14221.951975345612
74	-14.760772	11.3855295	3.173588	-51.24039	81.47541	-10.986265	8.6567955	12.900018	-41.752136	375000	1.2207031e-08	15.138794	-0.024257826	-11.268755	3.522461	0.015779288	0.1576	12.0	14414.861232042313
75	-20.582191	14.912825	18.861004	-69.79901	83.166664	-12.639995	8.453379	10.496412	-57.225616	380000	-3.6621095e-08	34.103344	-0.017257314	-24.058498	3.5205762	0.01955419	0.1626	8.0	14607.732717514038
76	-24.704569	18.202183	-2.3031902	-90.010864	93.603775	-13.47889	8.704922	6.9417644	-43.978146	385000	-8.69751e-08	25.138844	-0.023204941	-20.20214	3.4824321	0.014727865	0.1692	10.0	14799.632645130157
77	-20.324621	12.384533	3.2398853	-54.63715	78.93651	-13.451939	8.465999	5.4240274	-45.994316	390000	-6.866455e-08	13.879383	-0.023697535	-10.011791	3.4785595	0.014910261	0.1648	11.0	14993.015227556229
78	-19.935385	14.100656	1.6907816	-62.09774	74.0	-13.745464	9.177842	4.8040032	-39.8719	395000	-4.4250488e-08	13.321641	-0.022601232	-9.918745	3.478936	0.0148530705	0.193	11.0	15186.789022445679
79	-19.967272	13.750589	0.9862912	-62.513977	84.20339	-12.956775	8.188411	5.7794156	-36.274517	400000	1.5640259e-08	13.318178	-0.023971526	-10.054148	3.4565337	0.018449936	0.1658	11.0	15379.494446277618
80	-18.788244	12.925306	0.42593402	-66.41791	74.333336	-13.280846	9.439814	15.523788	-41.83713	405000	0.0	50.581955	-0.019845292	-41.572727	3.4895136	0.018124584	0.1684	10.0	15573.028997182846
81	-18.3741	14.150346	1.7251571	-67.54858	84.13559	-12.518352	9.017005	5.4401298	-51.22067	410000	5.79834e-08	14.042516	-0.03142185	-10.192835	3.425004	0.016442144	0.1818	16.0	15765.558469295502
82	-20.656778	12.500938	1.7275505	-53.99288	81.491806	-12.905441	8.701927	12.428216	-61.142483	415000	-9.4604495e-08	16.50007	-0.020051114	-12.432281	3.456685	0.016448887	0.167	8.0	15958.000044345856
83	-22.56346	14.407598	-2.4137316	-64.687744	89.92727	-14.179702	8.884134	10.199172	-43.197205	420000	-1.2207031e-08	20.234919	-0.010866062	-14.631579	3.4709961	0.017325647	0.165	6.0	16150.232328414917
84	-20.01698	17.333267	34.189713	-65.30723	87.7193	-13.802052	10.117151	12.00633	-51.805782	425000	2.9754638e-08	41.667862	-0.012772791	-34.48561	3.4463954	0.015963558	0.156	5.0	16342.299928665161
85	-20.531885	17.471098	26.920214	-77.806595	78.82539	-13.227456	9.867227	11.598	-46.835003	430000	3.8146974e-09	41.076054	-0.024567105	-29.515505	3.4843726	0.017081887	0.161	10.0	16535.681747198105
86	-20.464231	11.931302	4.5324855	-52.553085	84.54237	-13.43723	9.287831	12.348689	-43.598614	435000	-3.3569336e-08	20.153341	-0.017643305	-16.69035	3.467935	0.016239502	0.1304	8.0	16727.920567512512
87	-18.171692	13.506416	3.6601543	-57.264465	80.53226	-11.741202	8.408822	19.126818	-42.33965	440000	-1.525879e-08	23.399014	-0.018328506	-17.615658	3.4635484	0.024348706	0.1888	10.0	16920.462532043457
88	-17.355415	13.82461	2.7248974	-65.48374	84.18965	-12.3019905	9.307817	11.282937	-47.017254	445000	3.0517577e-09	17.88182	-0.01994994	-13.467095	3.4778485	0.0155852735	0.1154	7.0	17112.666489124298
89	-21.233501	12.239185	-3.568048	-54.37421	90.218185	-12.636569	8.153955	21.472727	-47.356747	450000	-3.6621095e-08	23.669777	-0.018206615	-19.532446	3.4627182	0.016071025	0.1662	8.0	17304.605492830276
90	-22.393854	17.603344	0.5561188	-101.694016	87.40351	-13.59084	9.510809	13.950953	-43.105534	455000	6.942749e-08	16.305937	-0.022518134	-11.737898	3.4600523	0.017059933	0.1722	10.0	17497.170872211456
91	-15.615524	11.651306	1.0211384	-55.382484	71.333336	-11.636814	8.347011	9.881829	-39.152294	460000	3.6621095e-08	12.728286	-0.028361466	-9.981344	3.4320078	0.016960425	0.159	16.0	17690.645721673965
92	-23.87619	16.665302	-1.4270535	-80.95926	93.84906	-14.628353	9.655474	12.86144	-59.400364	465000	-1.0681153e-07	26.526663	-0.030223902	-22.44911	3.432405	0.016359454	0.1626	18.0	17882.137508153915
93	-18.521284	13.294379	2.3707619	-47.40528	79.44262	-12.605635	8.937615	7.5718484	-45.463642	470000	9.155274e-09	16.289047	-0.02313938	-13.483122	3.4402108	0.019253213	0.1934	11.0	18075.278405427933
94	-20.10686	13.422999	4.956281	-54.29137	87.210526	-13.669745	8.733583	9.815625	-44.041473	475000	-4.5776368e-08	11.7669	-0.022990866	-9.259415	3.4114363	0.016767805	0.1968	11.0	18267.4876203537
95	-19.5176	10.515248	-2.2660055	-42.52432	84.22034	-12.111673	8.303605	8.97035	-37.773033	480000	-2.746582e-08	10.217685	-0.020917645	-7.513163	3.416712	0.016829709	0.1578	8.0	18459.477035045624
96	-24.971771	17.713255	-3.0893416	-88.25635	88.25	-14.680202	8.715894	10.051328	-43.3186	485000	2.746582e-08	25.2156	-0.03523229	-21.754028	3.3980734	0.01424679	0.213	22.0	18651.769768714905
97	-17.202898	11.938038	2.009242	-43.434296	81.844826	-13.265811	8.696401	6.1527505	-42.276527	490000	-6.1035155e-09	18.133429	-0.021768078	-14.502776	3.454845	0.018316092	0.1708	9.0	18843.75377845764
98	-16.54472	12.258872	6.2726336	-48.719532	82.26667	-12.050638	8.876175	10.995697	-40.906067	495000	3.2043456e-08	13.871791	-0.018312471	-9.322079	3.3816075	0.019728364	0.1702	8.0	19035.969748735428
99	-17.630913	15.31831	32.678482	-54.064587	99.06	-11.773993	8.98782	16.255224	-37.5021	500000	-1.0528564e-07	22.664728	-0.015398485	-13.978656	3.3966575	0.020451576	0.1874	7.0	19227.115890979767
100	-21.548801	14.739223	2.0142472	-56.65873	106.521736	-13.183341	9.939099	17.249146	-43.62293	505000	1.2207031e-08	17.264284	-0.021192295	-12.395486	3.4049768	0.016235508	0.1944	9.0	19417.89764046669
101	-20.138287	12.428061	4.2256246	-51.030453	85.12069	-11.9822	8.244202	11.880988	-41.67223	510000	-3.0517577e-09	11.487665	-0.024044301	-9.021949	3.3194938	0.016315049	0.1662	11.0	19609.822985887527
102	-19.365755	14.732914	5.207686	-83.24769	83.08475	-12.672199	9.188109	13.340274	-39.830677	515000	-4.6539306e-08	14.2624	-0.029134057	-11.891295	3.4443645	0.016490443	0.1808	13.0	19802.758554458618
103	-23.951971	14.696194	-1.996264	-57.72993	103.38298	-14.730155	9.439967	14.88127	-42.89662	520000	3.967285e-08	22.376476	-0.020513134	-18.294449	3.3875468	0.01516523	0.1426	9.0	19994.099608659744
104	-20.613207	12.269794	1.2208472	-51.44132	85.1579	-12.396426	8.753596	18.571152	-40.381977	525000	-4.8065186e-08	12.789912	-0.014504002	-10.468731	3.3996735	0.016644735	0.1376	5.0	20185.982049942017
105	-22.283821	14.869253	1.5791938	-68.96599	87.210526	-12.362347	8.113446	8.2769575	-36.237488	530000	-1.0681152e-08	15.100781	-0.02426786	-11.700914	3.3567777	0.0149653135	0.1778	13.0	20377.98661994934
106	-21.400408	15.889381	4.2203894	-98.137085	88.69643	-13.787166	9.3199835	9.182513	-51.86054	535000	-3.3569336e-08	12.087949	-0.019773288	-9.923313	3.4431515	0.018602317	0.1768	6.0	20570.081990480423
107	-19.356102	11.817227	4.716497	-43.81462	90.18519	-13.753593	8.6612015	8.839061	-41.937458	540000	-1.9836426e-08	18.584093	-0.021370204	-15.003051	3.4032488	0.01679237	0.164	10.0	20762.159238100052
108	-18.224903	11.266894	0.6118524	-50.09736	73.30882	-12.167866	7.6593127	9.392691	-46.226624	545000	9.155274e-09	5.94696	-0.021765832	-4.064572	3.3941011	0.016792016	0.1998	11.0	20955.454751491547
109	-20.814182	14.82052	23.977173	-53.984367	100.55102	-13.4871	8.664895	15.951596	-43.341076	550000	-5.9509276e-08	18.534903	-0.018260352	-14.306281	3.3624938	0.016883321	0.1328	8.0	21146.50928735733
110	-20.730373	14.306296	31.035381	-53.874084	84.965515	-11.282506	8.978175	11.341975	-42.910168	555000	-7.6293944e-08	34.452663	-0.017202664	-27.18439	3.3764746	0.022273978	0.1618	8.0	21339.183390140533
111	-17.006765	15.103885	33.830334	-51.17197	87.5	-11.239928	9.685061	13.307276	-46.59431	560000	7.019043e-08	23.528807	-0.018489162	-16.451134	3.34984	0.014052026	0.1508	9.0	21531.265663146973
112	-17.167585	11.384706	21.425217	-41.245605	81.78333	-11.350588	8.572513	13.350333	-42.218132	565000	4.119873e-08	19.820055	-0.019789243	-15.332037	3.3218117	0.016410004	0.1518	10.0	21722.772833824158
113	-19.66392	11.340713	0.96199256	-58.80811	83.77586	-13.062081	8.311935	13.398964	-38.454285	570000	7.93457e-08	14.376758	-0.010384092	-11.967844	3.3341868	0.015473932	0.164	4.0	21914.81637430191
114	-15.216747	12.208921	39.19831	-48.418182	69.30986	-10.763242	8.350454	10.561147	-32.08361	575000	3.3569336e-08	18.460592	-0.008286722	-12.686188	3.3325539	0.012964415	0.137	4.0	22108.504323005676
115	-19.225351	11.29436	-3.273905	-50.938324	79.17461	-12.3918705	7.7190623	14.618873	-34.24587	580000	5.9509276e-08	8.798739	-0.039270025	-6.6720676	3.3070836	0.013439037	0.2402	29.0	22301.144166231155
116	-18.161192	13.988787	13.418211	-53.820297	83.169495	-12.288335	9.680147	17.423378	-37.750916	585000	2.4414062e-08	26.373365	-0.01805197	-19.466118	3.310348	0.017752701	0.1776	9.0	22493.246959209442
117	-18.941175	13.845558	7.1268234	-58.29682	89.53704	-11.860638	9.2172785	9.587003	-53.120728	590000	6.1035155e-09	11.236898	-0.017029833	-8.286978	3.273568	0.014871924	0.1698	7.0	22684.63902783394
118	-17.727936	13.185506	20.028727	-48.57388	82.94915	-11.99287	8.4603815	10.990696	-37.273773	595000	0.0	18.492462	-0.028061584	-12.737505	3.3258083	0.01365234	0.1968	19.0	22876.828822135925
119	-15.911327	13.87205	36.481895	-50.0757	81.803276	-12.065232	8.402675	13.818207	-35.509678	600000	8.392334e-08	31.171041	-0.019670708	-22.631666	3.2858746	0.016629044	0.1462	8.0	23068.905742168427
120	-18.61446	13.025193	2.5182498	-59.074627	82.833336	-11.205161	9.058342	12.475315	-50.736694	605000	-2.5939942e-08	19.062538	-0.013988268	-16.719727	3.301972	0.01171131	0.1336	5.0	23261.644978761673
121	-20.570127	12.099863	-1.0023144	-56.2497	91.01852	-13.526375	8.646503	12.148654	-43.69097	610000	-7.6293943e-10	12.660177	-0.014676597	-10.290873	3.302477	0.013332199	0.1622	6.0	23452.795260190964
122	-19.808537	12.029829	1.4703305	-45.56607	86.85965	-12.11639	8.189954	10.904798	-49.60744	615000	-3.0517577e-09	8.158672	-0.012138067	-6.228392	3.302065	0.009707159	0.1182	4.0	23644.434868335724
123	-17.334002	14.628156	18.184208	-55.18707	85.85965	-12.378531	8.635415	20.001387	-41.25521	620000	-3.6621095e-08	12.839375	-0.0025698976	-8.10436	3.3004074	0.003552199	0.065	1.0	23835.966177225113
124	-18.467598	12.77118	21.596788	-55.569527	93.56604	-11.80983	8.4312725	12.797004	-40.11786	625000	9.1552735e-08	11.194994	-0.0110521205	-7.1218925	3.2565434	0.016022017	0.1338	5.0	24027.194598674774
125	-15.722952	15.293755	33.52106	-60.350933	85.48276	-11.073625	8.626153	15.96538	-36.23239	630000	0.0	18.812119	-0.0026038056	-14.124678	3.2847984	0.007830521	0.0652	1.0	24219.33324623108
126	-18.673061	12.308307	-0.53651327	-53.649452	92.22642	-11.114761	8.928001	17.551405	-36.732018	635000	-1.525879e-08	19.946459	-0.017719645	-17.8759	3.2415977	0.0120970085	0.1212	8.0	24410.66106724739
127	-18.872519	14.142599	25.140402	-51.7014	90.43636	-12.409986	8.24159	4.017376	-35.393383	640000	1.2207031e-08	23.320591	-0.019621022	-17.189602	3.2667773	0.019371687	0.1882	10.0	24602.067912817
128	-18.516356	13.636952	6.992206	-53.399082	83.13333	-12.288272	9.452506	12.309949	-55.26077	645000	-5.493164e-08	21.042797	-0.012084865	-16.568295	3.2575667	0.016589059	0.1442	6.0	24793.894365549088
129	-22.1317	16.835348	24.323942	-67.38056	89.14815	-13.768156	8.981247	12.75513	-47.4475	650000	-6.5612795e-08	16.225512	-0.024043795	-10.160857	3.2702653	0.014450164	0.1762	14.0	24985.44759297371
130	-17.872795	12.45172	22.464085	-45.62565	91.98148	-12.095325	8.664235	11.390018	-54.61158	655000	-1.9836426e-08	24.404259	-0.020744573	-18.495186	3.2196517	0.017598443	0.1562	10.0	25177.298035621643
131	-18.581505	11.83748	23.937456	-48.90242	79.07937	-11.790111	8.493319	9.564431	-38.254982	660000	0.0	18.495735	-0.016763369	-13.3305435	3.2021813	0.015644312	0.1342	8.0	25369.86460018158
132	-19.800465	13.885492	22.65889	-63.965076	90.69091	-12.242036	8.925738	17.777191	-42.81157	665000	-3.051758e-08	26.696394	-0.017887818	-20.832344	3.249127	0.019977836	0.1588	7.0	25561.390558481216
133	-21.077763	14.275938	-0.31500325	-61.01794	89.16071	-12.844418	9.096426	15.541648	-43.278263	670000	2.746582e-08	32.66975	-0.01559329	-27.29279	3.2178226	0.015588265	0.1556	7.0	25753.622367858887
134	-17.72937	14.354598	29.630867	-47.232025	86.10345	-12.138178	8.286115	12.616286	-35.565845	675000	1.9836426e-08	15.792577	-0.022193002	-11.864703	3.2248907	0.020009704	0.214	10.0	25945.309131622314
135	-17.570871	15.207498	27.9352	-58.09841	94.71154	-11.786225	9.290064	17.836596	-35.600307	680000	-4.8828124e-08	20.508337	-0.01222316	-11.65911	3.194355	0.020428807	0.1256	6.0	26136.773688316345
136	-19.951113	14.855102	31.391123	-58.36651	99.88	-11.988741	10.024305	17.726206	-34.933075	685000	1.2207031e-08	20.058044	-0.02644555	-12.810112	3.220842	0.017217215	0.1646	14.0	26328.0998339653
137	-20.526276	13.735939	3.2729237	-69.733345	102.208336	-12.641777	8.739287	18.983639	-32.91175	690000	-3.967285e-08	31.748415	-0.023254408	-27.60381	3.200845	0.020127146	0.1876	12.0	26519.24136710167
138	-17.919878	13.275499	3.908836	-74.598305	90.01818	-10.824065	7.875996	12.456274	-35.865944	695000	-4.5776368e-08	28.671038	-0.03826245	-26.257402	3.204105	0.016131755	0.212	26.0	26710.73379135132
139	-19.6882	17.195658	23.692816	-81.05995	99.55102	-12.779647	8.607325	21.41365	-31.059078	700000	3.0517577e-09	31.203459	-0.020977085	-19.803362	3.1710598	0.018071368	0.1454	9.0	26901.85539340973
140	-23.255598	16.942764	28.96377	-72.62991	115.809525	-12.173657	9.204787	14.256835	-51.96761	705000	-4.7302247e-08	34.69524	-0.013275618	-29.295164	3.1632676	0.0156237	0.1538	4.0	27092.25387120247
141	-19.118319	16.633928	28.507883	-56.45239	88.91071	-11.583159	9.089846	20.752392	-45.38494	710000	-6.408691e-08	26.539291	-0.02038187	-17.757326	3.187608	0.017911544	0.166	10.0	27284.205258131027
142	-17.148024	11.952785	10.422928	-54.46071	88.98214	-9.834388	8.65998	17.534718	-30.855864	715000	6.1035155e-09	21.789394	-0.029679645	-19.92578	3.1833184	0.015764933	0.2092	14.0	27476.26183795929
143	-16.44497	15.769472	35.306076	-58.95386	92.46296	-11.817691	9.024188	10.107405	-59.55845	720000	-4.4250488e-08	24.49299	-0.01912687	-19.392145	3.2279284	0.018388338	0.1566	8.0	27667.75048661232
144	-18.048819	16.019352	39.76464	-68.44531	80.22951	-11.295264	10.196251	26.702374	-40.527523	725000	6.1035155e-09	16.144152	-0.023247534	-10.971022	3.1766157	0.0155304875	0.1928	12.0	27860.548590183258
145	-15.991885	11.668261	23.997375	-41.772022	86.89286	-10.882069	8.301198	10.262663	-34.680866	730000	-3.051758e-08	26.39151	-0.011055836	-18.015305	3.138921	0.01688233	0.1546	5.0	28052.626405000687
146	-20.505014	12.861834	24.752216	-40.653282	103.458336	-11.962573	8.413568	9.143764	-35.39858	735000	-7.019043e-08	16.310032	-0.026169019	-12.241313	3.1698222	0.017168177	0.1942	14.0	28242.802020311356
147	-15.965249	13.635328	29.720322	-52.858242	85.844826	-10.337586	9.358509	14.5368595	-43.017242	740000	-1.8310548e-08	34.95754	-0.019139813	-28.256865	3.1770692	0.01725881	0.1722	9.0	28435.306744098663
148	-18.347832	12.908178	5.597666	-49.978786	85.89655	-11.767153	9.323126	16.123705	-35.310837	745000	1.373291e-08	9.624975	-0.013066568	-7.402484	3.1734915	0.009973566	0.0934	4.0	28626.861114263535
149	-14.831675	13.754813	1.2843772	-69.92756	75.63636	-10.710899	9.091581	16.124058	-37.074585	750000	-3.3569336e-08	23.032772	-0.01245115	-18.613802	3.1744757	0.01766027	0.1428	4.0	28819.74787735939
150	-17.556383	12.833332	33.016685	-44.504932	82.86667	-12.927244	9.868429	10.440282	-46.550667	755000	0.0	21.702396	-0.02335076	-16.79235	3.1137261	0.017251296	0.1694	10.0	29012.333674669266
151	-19.023054	11.126996	2.1433463	-49.710335	90.27273	-12.060943	8.426161	8.745236	-38.113216	760000	-2.4414062e-08	12.49731	-0.019798828	-10.426044	3.1651466	0.016579438	0.1528	7.0	29203.71883869171
152	-17.166656	10.645819	9.747789	-46.01967	94.05769	-10.75982	9.548435	17.37666	-36.754982	765000	4.119873e-08	9.267354	-0.013535122	-6.7943716	3.1707418	0.018459074	0.1602	5.0	29394.81883406639
153	-18.41754	14.041697	3.9810712	-62.74768	80.37705	-12.513059	8.344306	8.195416	-30.994585	770000	7.2479246e-08	11.752479	-0.013238796	-8.753601	3.1310637	0.02041623	0.166	7.0	29587.39015030861
154	-17.261938	15.646239	23.560345	-77.69024	84.18965	-11.846334	8.160949	7.186301	-32.024483	775000	-4.0912628e-08	22.319471	-0.017449385	-13.67217	3.1557574	0.018848468	0.1602	9.0	29779.22620201111
155	-18.3368	16.203299	24.142492	-95.67095	95.51923	-12.535697	8.614391	9.398783	-36.58964	780000	-7.324219e-08	32.93988	-0.010641831	-23.172626	3.140207	0.018965902	0.1234	4.0	29970.16872906685
156	-17.186632	12.715507	-0.48926106	-59.23297	87.31579	-10.5022955	8.414855	12.390026	-46.44119	785000	-6.866455e-08	17.012665	-0.03213146	-14.495458	3.1632679	0.017355569	0.231	21.0	30162.20959663391
157	-18.869555	12.920451	2.3294506	-48.531	81.94915	-12.665427	8.654047	8.2641	-42.775024	790000	-6.1035155e-09	13.928653	-0.00052177126	-11.5330105	3.1370623	0.026949598	0.2532	6.0	30355.002782821655
158	-18.315943	12.3822	2.2431521	-59.746433	93.90566	-11.910164	8.7684	8.4349165	-38.15713	795000	-5.493164e-08	16.491423	0.004034494	-13.920363	3.1027374	0.026061643	0.1972	1.0	30547.023908138275
159	-16.100767	13.307558	28.937822	-64.27514	80.21667	-11.463828	8.602584	9.704974	-43.12877	800000	0.0	16.6452	0.0038236633	-11.848793	3.113002	0.008379973	0.085	1.0	30739.13348007202
160	-16.342134	14.671975	29.80608	-47.06746	87.7193	-10.955545	8.060826	13.504328	-29.969887	805000	9.918213e-09	28.993382	-0.003679178	-23.63263	3.1381896	0.005071315	0.0432	1.0	30930.969856262207
161	-16.59764	15.193505	41.223705	-49.43029	96.70588	-10.878368	7.947798	12.871354	-36.16398	810000	-9.155274e-09	43.08354	-0.018656408	-32.514114	3.112828	0.012569272	0.1312	9.0	31121.748700857162
162	-18.765966	15.350341	37.25136	-55.141674	109.181816	-9.518906	9.980501	26.106853	-31.128963	815000	-1.8310548e-08	30.137238	-0.008969769	-19.475346	3.1047773	0.007616581	0.113	4.0	31311.837426424026
163	-17.860802	12.755276	-1.8059204	-50.139164	99.38776	-12.591303	9.584541	16.152346	-36.149277	820000	2.1362304e-08	12.9301405	0.011772278	-10.281268	3.1118112	0.016248226	0.1994	1.0	31502.86679506302
164	-24.628426	12.881298	1.4613155	-59.975132	107.86957	-13.693834	8.186724	7.8429065	-43.518696	825000	-3.3569336e-08	9.46184	0.00072932895	-7.3610964	3.1029446	0.007977068	0.0836	1.0	31693.208810567856
165	-16.427137	13.080415	43.372787	-38.614716	92.203705	-12.483394	9.314665	16.34494	-45.409412	830000	3.967285e-08	16.016762	-0.0012567901	-10.946391	3.1329446	0.00497472	0.0496	1.0	31884.909994602203
166	-17.987167	12.738393	17.640657	-52.255157	117.71429	-11.296442	10.534685	29.691864	-35.345215	835000	7.93457e-08	19.49184	-0.0035544862	-11.869492	3.0987182	0.006676673	0.0668	1.0	32074.797014951706
167	-17.016457	12.774426	25.645775	-57.891663	90.42593	-11.396929	7.6687207	12.101161	-42.111336	840000	2.6702882e-08	14.803143	-0.018729834	-10.102833	3.0967288	0.018208565	0.1674	10.0	32266.138592004776
168	-19.24141	14.36631	0.9080241	-58.899	87.4386	-11.930353	8.725808	9.362143	-40.229034	845000	-6.17981e-08	16.493963	-0.021648996	-13.404319	3.113447	0.0145331295	0.1392	10.0	32458.037512540817
169	-19.341084	13.158157	-2.3082156	-59.95599	97.196075	-12.967552	8.812857	12.971425	-37.749004	850000	-1.1291504e-07	11.964769	-0.021084094	-10.167153	3.1224658	0.019846154	0.1904	12.0	32649.25043940544
170	-16.294142	10.320781	14.174203	-39.594563	95.19231	-11.166558	7.6171737	11.389093	-33.557312	855000	-6.5612795e-08	29.88381	-0.012999825	-21.353193	3.0723617	0.017908717	0.1454	7.0	32840.33307695389
171	-13.328119	14.099097	34.05465	-42.071705	78.5873	-8.448619	8.345846	8.295831	-38.88678	860000	1.9836426e-08	33.251106	-0.018107126	-24.26537	3.1100821	0.01789344	0.1562	9.0	33033.05348825455
172	-19.704895	11.217388	1.1832502	-45.926304	88.78571	-10.725632	8.913091	20.177675	-36.822884	865000	1.1672974e-07	40.01128	-0.030331995	-37.41137	3.0719345	0.014334509	0.1942	17.0	33225.280378341675
173	-19.157616	13.5683	9.956025	-51.634357	85.50877	-12.375667	8.996523	9.910794	-33.000874	870000	-5.79834e-08	17.399334	-0.025360318	-12.13328	3.0713422	0.014654265	0.1762	15.0	33417.07007980347
174	-17.648857	12.588458	19.004484	-53.594326	92.14815	-11.067908	8.215653	9.263543	-41.726986	875000	-3.6621095e-08	14.185964	-0.017318306	-8.571665	3.0916617	0.01341124	0.1582	7.0	33607.741481781006
175	-17.0607	13.264774	17.877773	-48.344803	120.29269	-11.2818985	9.817465	24.060156	-47.817398	880000	1.8310548e-08	27.120815	-0.013421125	-22.159233	3.088037	0.013424854	0.1548	7.0	33797.07005023956
176	-18.671556	16.76353	27.197897	-55.376347	101.55102	-10.764038	8.920965	15.657008	-36.00547	885000	-1.0681152e-08	50.15337	-0.010560597	-39.831207	3.076405	0.01259472	0.137	5.0	33988.291278362274
177	-21.125978	12.622583	10.709727	-55.917263	101.71429	-11.412914	9.690694	14.137794	-38.589863	890000	-7.93457e-08	22.834732	-0.026475286	-19.262602	3.0732348	0.014474706	0.221	16.0	34179.46207165718
178	-15.125043	12.662239	27.103464	-46.996826	81.77049	-11.373636	8.805671	15.903335	-37.987083	895000	6.1035155e-09	13.833066	-0.02498682	-10.839069	3.0701673	0.016881766	0.2026	15.0	34371.118552446365
179	-17.656658	13.415047	17.07459	-42.96654	111.84091	-11.178072	9.706398	16.048204	-47.364616	900000	6.103516e-08	26.040731	-0.019239994	-16.050676	3.0886805	0.018256864	0.1414	8.0	34560.804109573364
180	-22.034899	15.388199	1.0075091	-65.21826	101.32653	-12.528906	9.208213	17.74275	-36.71927	905000	3.5095216e-08	24.360579	-0.0083721485	-21.354586	3.0624053	0.010325422	0.1052	3.0	34751.86375975609
181	-20.807812	12.829089	5.5982203	-53.27989	90.611115	-12.897415	8.65355	7.146622	-45.178158	910000	-1.2207032e-07	9.045589	-0.0034441713	-7.1296897	3.0843847	0.0023834605	0.0178	1.0	34943.60977268219
182	-18.846884	15.115887	19.788038	-47.971832	110.26667	-12.112547	7.836475	6.0028033	-31.772749	915000	-9.155274e-09	31.107573	-0.012763916	-22.10315	3.0648513	0.01811066	0.164	6.0	35133.69804358482
183	-13.425494	14.7142105	24.344084	-57.94837	95.13725	-10.750224	9.059897	17.201597	-37.711075	920000	-2.4414062e-08	49.54739	-0.027143799	-35.315285	3.0535603	0.016527316	0.1926	16.0	35325.218074560165
184	-16.75973	13.050842	25.605654	-42.83276	90.70909	-10.234387	9.304052	22.052996	-34.752193	925000	1.0986328e-07	31.6445	-0.030587146	-26.571136	3.0566823	0.016689429	0.1852	18.0	35516.63788342476
185	-19.149124	12.4129505	7.2918806	-68.17661	96.60784	-11.35457	9.874388	26.810186	-37.687527	930000	-2.746582e-08	28.182625	-0.030023495	-25.941246	3.0039148	0.018491497	0.1868	17.0	35707.61302471161
186	-15.970255	13.071113	24.346851	-43.2198	86.1579	-11.200053	8.893555	15.289619	-34.39331	935000	4.2724608e-08	24.946388	-0.019396463	-17.338066	3.0247314	0.019730285	0.1502	10.0	35899.060443639755
187	-16.421501	13.302102	18.737	-54.622482	91.68519	-10.791348	9.826996	13.954462	-58.65778	940000	-2.4414062e-08	20.367365	-0.019523187	-13.907053	3.0204444	0.01565712	0.176	8.0	36091.00417160988
188	-15.460462	15.912233	30.553476	-47.78629	99.67347	-10.381758	9.298104	12.164399	-35.2291	945000	1.2207031e-08	32.29417	-0.013582687	-20.528318	3.01004	0.015580361	0.1302	5.0	36281.70500564575
189	-22.00522	14.887776	1.4309953	-62.339314	104.083336	-13.112475	8.484148	14.589792	-38.60383	950000	6.103516e-08	29.106688	-0.015263528	-23.182878	3.0229268	0.015939549	0.1542	7.0	36472.329859018326
190	-16.512308	12.548693	3.0286293	-48.585377	83.72881	-11.437096	7.9339476	6.6151886	-32.734535	955000	-6.2561035e-08	7.6113095	-0.02195056	-6.1741033	3.0284045	0.015558212	0.1996	9.0	36664.99075984955
191	-18.388214	12.932663	26.357763	-42.473316	96.61224	-11.789339	8.748578	12.685097	-43.10827	960000	3.3569336e-08	17.17217	-0.010714554	-11.293274	3.001933	0.018754926	0.1516	6.0	36855.72208690643
192	-17.605429	10.375112	1.541961	-40.310143	93.37736	-11.353777	8.461497	9.536905	-32.0512	965000	1.0681152e-08	9.73444	-0.022503942	-8.068331	3.0182195	0.014958278	0.1976	10.0	37047.075610637665
193	-14.234324	10.081913	16.994024	-31.171158	95.117645	-11.18929	8.577499	11.072292	-32.318886	970000	5.1116942e-08	13.996077	-0.009388983	-8.138696	2.9851997	0.015385998	0.0976	4.0	37237.8261384964
194	-19.479795	15.216401	33.438686	-60.513683	99.76	-11.309071	9.378552	13.466851	-37.408478	975000	0.0	24.488268	-0.010163824	-18.962177	3.0098996	0.013689048	0.1192	3.0	37428.64876413345
195	-19.258192	14.350547	22.003204	-59.3194	93.320755	-11.954203	8.608275	21.557158	-38.39466	980000	6.408691e-08	18.983	-0.015305121	-12.112656	3.0199234	0.017229725	0.2006	9.0	37620.00603675842
196	-15.292759	13.840424	21.32594	-49.30312	110.577774	-10.792981	9.874162	24.385277	-33.422474	985000	1.2207031e-08	45.495476	-0.017069386	-33.964897	3.003307	0.018028043	0.1386	8.0	37809.91354084015
197	-19.365265	15.310891	26.570831	-58.59476	96.960785	-10.637664	8.0809145	14.752675	-29.782526	990000	4.4250488e-08	24.932983	-0.020138698	-19.94775	2.964448	0.01821936	0.1698	9.0	38001.41564774513
198	-16.649063	17.393822	38.998142	-54.392788	99.68	-12.932966	8.545555	9.834492	-46.97567	995000	2.746582e-08	47.41746	-0.016420135	-34.0084	2.9623024	0.014496839	0.1192	7.0	38191.9931602478
199	-16.746008	15.058069	21.961504	-51.33883	98.039215	-10.951191	9.626152	15.575629	-33.157738	1000000	-3.967285e-08	31.27431	-0.01309819	-21.25299	2.9528935	0.016386338	0.1636	6.0	38383.241383075714
200	-19.699377	12.663007	4.313689	-43.30805	103.6875	-10.928987	10.100801	37.4318	-47.0111	1005000	-9.689331e-08	37.084095	-0.018937964	-34.06919	2.97785	0.014182416	0.1926	8.0	38574.63398241997
201	-16.765837	15.603238	21.260942	-49.704918	93.62264	-12.439422	9.627412	9.697371	-49.88463	1010000	-3.6621095e-08	32.93152	-0.01834197	-20.423054	2.9633434	0.018663622	0.1454	9.0	38766.19151687622
202	-20.136612	14.532864	8.683441	-54.9452	104.87234	-11.414142	10.461564	22.029387	-46.340515	1015000	4.2724608e-08	27.910921	-0.015712852	-21.010498	2.9839332	0.014285748	0.128	7.0	38956.527084589005
203	-17.871258	13.171258	8.0154915	-55.76481	107.934784	-12.913525	9.605416	14.1862755	-45.549706	1020000	-4.2724608e-08	36.791782	-0.014394949	-22.783436	2.999827	0.014423918	0.1138	7.0	39147.19933319092
204	-21.507736	13.696517	6.992364	-50.317093	101.04082	-11.861478	8.739515	14.872762	-32.81702	1025000	5.493164e-08	16.013117	-0.0377568	-13.381943	2.9497037	0.015925122	0.2338	27.0	39338.29502034187
205	-16.311268	11.987798	18.033781	-46.442554	98.98	-11.6223955	8.411364	11.914624	-47.535313	1030000	-8.239746e-08	22.856075	-0.013909858	-14.714869	3.0195494	0.01746093	0.1678	7.0	39528.67490911484
206	-18.62472	13.771851	18.623655	-54.521736	131.05263	-10.91765	9.192183	14.953298	-39.412773	1035000	7.629395e-09	23.285248	-0.014823445	-12.618379	2.9349797	0.013610345	0.1782	9.0	39717.54187917709
207	-15.329198	12.268674	9.084342	-38.861115	99.591835	-10.810589	8.7328825	11.155431	-31.727016	1040000	-7.6293944e-08	23.843725	-0.010792663	-17.018215	2.937612	0.012633665	0.1148	4.0	39908.06170845032
208	-22.85842	13.5555315	0.8881347	-52.307297	118.28571	-11.556636	8.611466	14.236659	-39.371624	1045000	9.155274e-09	21.223232	-0.021023635	-17.128145	2.9548874	0.016046587	0.1572	9.0	40098.119227170944
209	-14.3466015	14.411042	38.20176	-48.059055	96.0	-11.656255	8.766196	20.947977	-39.736717	1050000	4.7302247e-08	35.106937	-0.01253579	-27.711582	2.9401224	0.01829244	0.1388	5.0	40289.76883673668
210	-18.598482	12.146632	8.038933	-40.192455	120.34146	-9.674792	10.584427	25.109943	-38.3804	1055000	1.6975402e-08	36.04173	-0.004615749	-27.128277	2.9931495	0.0021508958	0.0288	1.0	40479.258244514465
211	-17.906046	13.424023	32.044407	-53.874424	97.960785	-10.217568	9.100193	21.684893	-49.556694	1060000	-5.493164e-08	22.772675	-0.0114600705	-16.724878	2.9541993	0.012090028	0.133	6.0	40670.5775039196
212	-17.10472	11.17052	5.5783343	-48.45393	109.26667	-11.0618515	8.940416	20.11141	-30.118872	1065000	1.8310548e-08	19.17214	-0.003646686	-16.465178	2.9486465	0.0015704778	0.0264	1.0	40860.98214054108
213	-17.963785	13.771275	32.18371	-51.807877	93.49056	-11.488162	8.11154	12.508973	-32.29416	1070000	-6.408691e-08	17.598782	-0.009147224	-13.992098	2.976557	0.01692497	0.167	4.0	41052.39317536354
214	-21.189322	14.359642	19.062855	-45.098156	101.53061	-12.922795	8.182793	14.184822	-37.197216	1075000	4.5776368e-08	23.52275	-0.006170633	-13.84097	2.95515	0.011051132	0.1314	3.0	41243.50163388252
215	-17.220724	12.3595705	20.789885	-42.99863	108.37778	-11.175239	8.668359	15.335447	-33.29057	1080000	9.918213e-09	12.530302	-0.004080823	-7.489238	2.951809	0.0076375543	0.0752	1.0	41433.736485004425
216	-15.147845	13.232385	20.779484	-42.937943	99.5	-11.068426	8.329566	15.119985	-35.215256	1085000	0.0	33.508457	-0.008389059	-25.643906	2.9284394	0.009265723	0.0704	3.0	41624.759973526
217	-19.86771	14.067874	1.193734	-59.690556	116.268295	-10.318975	8.863646	11.842721	-31.87571	1090000	-1.2207031e-08	28.047663	-0.036216095	-25.29902	2.9390733	0.016080875	0.23	29.0	41813.86177253723
218	-16.935116	14.2241125	22.774178	-62.89713	84.169495	-11.640991	8.86501	11.804066	-38.913475	1095000	3.967285e-08	27.586218	-0.014787674	-19.479504	2.9657886	0.017035004	0.1426	6.0	42006.09208083153
219	-15.465177	12.040204	11.0117	-49.149803	103.354164	-10.921475	8.424767	24.463001	-29.287294	1100000	-2.746582e-08	25.023794	-0.01712518	-17.943687	2.9615571	0.016689042	0.1582	9.0	42196.4920167923
220	-19.930973	12.278169	5.439997	-45.59798	110.59091	-11.687336	8.948056	19.793663	-37.72128	1105000	7.6293944e-08	21.0075	-0.0101350695	-17.905178	2.973972	0.013229236	0.14	3.0	42386.746377944946
221	-21.874245	10.926991	-3.9389942	-49.125202	126.589745	-12.155427	9.084248	17.639399	-41.05993	1110000	-1.6784668e-08	9.295145	-0.007550206	-5.5218787	2.9612567	0.016650125	0.1782	4.0	42575.778500556946
222	-18.786295	14.682624	4.515837	-61.645412	118.40476	-10.810036	8.290504	19.875906	-36.14807	1115000	1.4038086e-07	15.797188	-0.014638651	-10.918564	2.9491782	0.010786598	0.12	6.0	42765.65505075455
223	-17.521547	13.569331	18.996767	-46.97555	111.022224	-10.956133	9.456115	17.39996	-30.859585	1120000	7.324219e-08	21.400928	-0.011011008	-16.844757	2.936658	0.019685982	0.1448	4.0	42956.17189860344
224	-17.390415	10.906585	7.7350817	-37.00803	94.86275	-11.157738	9.088196	14.307003	-45.956924	1125000	5.1879884e-08	10.542538	-0.004677823	-6.3112726	2.9073384	0.019036382	0.2228	6.0	43147.10833644867
225	-19.732153	14.749651	19.806026	-65.37034	106.652176	-11.216811	8.945609	14.563508	-37.480324	1130000	6.103516e-08	24.179605	0.0036661758	-18.358421	2.9758947	0.03297022	0.1454	1.0	43337.71729874611
226	-18.698479	12.665683	28.441753	-46.645588	105.58696	-11.599932	7.8731093	17.63394	-29.82325	1135000	-2.89917e-08	22.160357	0.0013648422	-14.507611	2.9505222	0.010631648	0.0876	1.0	43528.279208898544
227	-20.11312	13.566573	-4.329544	-68.1879	118.87805	-11.126598	7.6466236	11.1046915	-34.90053	1140000	8.392334e-08	13.809244	-0.0026583006	-10.8238735	2.952575	0.0036240695	0.0444	1.0	43718.22429347038
228	-18.809095	11.781435	4.4714212	-47.263218	94.20755	-11.449937	7.904517	9.568556	-39.920364	1145000	2.746582e-08	16.895441	-0.0043192385	-11.175222	2.9306622	0.0054751723	0.0524	1.0	43910.1392428875
229	-12.574535	12.316786	33.11641	-31.107704	101.395836	-10.120528	7.5960298	14.074321	-29.214619	1150000	-1.5258789e-09	18.36058	-0.01629159	-11.72134	2.9127507	0.015589847	0.1498	6.0	44100.553519010544
230	-18.271252	15.709828	21.721424	-55.92047	109.333336	-10.638146	8.83447	19.18087	-30.960184	1155000	6.1035155e-09	26.555735	-0.016017327	-20.789307	2.9313731	0.018791415	0.1214	7.0	44290.7352077961
231	-15.26438	9.726108	1.4580959	-40.446896	106.17021	-10.224869	8.782019	15.5857525	-33.137	1160000	-3.6621095e-08	6.733308	-0.01944508	-5.1406612	2.9481034	0.017746141	0.1772	8.0	44480.80323314667
232	-17.193516	12.580755	11.557767	-53.21954	92.886795	-10.174845	8.109317	14.002472	-38.607323	1165000	3.2043456e-08	17.719158	-0.014037047	-11.066036	2.9320006	0.020751074	0.1378	6.0	44671.80186390877
233	-17.26124	11.730764	-0.04268417	-54.18217	106.77273	-11.715981	7.6719346	10.289868	-34.87723	1170000	-9.4604495e-08	15.699852	-0.017320642	-11.347597	2.954956	0.014975056	0.129	8.0	44861.737701654434
234	-18.735735	12.254795	20.083878	-56.121758	119.97561	-11.393783	8.39988	13.917832	-29.745457	1175000	-8.8500975e-08	16.534277	-0.020974813	-11.617173	2.948482	0.015995266	0.1766	10.0	45051.24671006203
235	-15.042721	12.508892	30.502792	-42.296486	92.35849	-10.02985	8.933003	17.370466	-33.411865	1180000	3.4332274e-08	13.142896	-0.024785547	-10.289075	2.9205513	0.015349918	0.1796	12.0	45242.38655090332
236	-18.307066	13.040515	7.318473	-60.878773	94.75	-10.09875	9.013632	17.38914	-30.747887	1185000	-1.2207031e-08	22.459309	-0.025573265	-18.470015	2.9342582	0.020686958	0.1856	10.0	45433.89331030846
237	-20.064718	13.013653	7.9690785	-72.74335	99.25	-13.162014	8.38212	9.435158	-39.381783	1190000	7.324219e-08	11.722114	-0.018422864	-9.727514	2.92922	0.01804448	0.16	8.0	45624.559905052185
238	-14.697256	14.143178	22.84281	-45.562637	106.106384	-10.914462	8.091139	7.9803915	-42.025154	1195000	4.348755e-08	17.4197	-0.021283878	-13.138638	2.9039629	0.017121011	0.1794	10.0	45814.950540065765
239	-17.496572	11.990589	18.141348	-44.902664	92.55556	-10.8523855	8.715825	13.806823	-37.331623	1200000	2.9754638e-08	14.510105	-0.017936656	-10.426954	2.9053688	0.019187698	0.1616	8.0	46006.90332555771
240	-18.229345	13.097372	6.761811	-50.330605	98.96	-11.765889	8.64392	10.548195	-32.066338	1205000	-4.8828124e-08	16.02889	-0.023865435	-11.112272	2.90872	0.017251266	0.1784	15.0	46197.75188922882
241	-15.973848	11.959546	6.0296288	-48.969852	96.588234	-10.533312	9.009577	15.101313	-49.365307	1210000	-2.8705596e-08	12.373845	-0.017955571	-9.8076515	2.868074	0.014279275	0.1594	8.0	46388.579780101776
242	-19.281761	14.962432	35.546432	-54.794746	101.918365	-12.619433	8.350944	8.895033	-32.70259	1215000	-2.4414062e-08	15.940848	-0.024125984	-10.0558815	2.8931556	0.016098924	0.203	15.0	46579.61757206917
243	-19.923746	10.996235	0.90877134	-44.329575	122.0	-11.18497	9.467022	27.82315	-39.920807	1220000	7.019043e-08	24.262018	-0.017284745	-21.923437	2.8955605	0.019148799	0.1326	8.0	46769.25497293472
244	-16.038435	10.350931	7.1319814	-43.634243	105.297874	-10.904882	8.648886	14.169342	-50.41622	1225000	-3.5095216e-08	16.138374	-0.020848466	-10.112604	2.8784077	0.017639894	0.172	11.0	46961.36511397362
245	-19.813581	12.431082	3.8043773	-59.428856	113.25	-11.385503	8.396493	13.93551	-34.63326	1230000	5.645752e-08	8.416742	-0.020491576	-6.861126	2.9174194	0.014254166	0.186	9.0	47152.413437366486
246	-18.496876	11.885764	7.004714	-49.252075	124.55	-10.800223	8.915199	16.033749	-29.283894	1235000	0.0	18.657686	-0.017036453	-13.136152	2.9026685	0.02078457	0.1536	7.0	47343.12330174446
247	-17.060135	17.580168	28.706535	-76.00759	118.38095	-12.551336	8.663648	14.4556675	-32.19607	1240000	-4.043579e-08	37.228664	-0.017535232	-26.655296	2.8795128	0.01662183	0.1876	7.0	47534.93013167381
248	-18.458136	11.269605	-2.8811543	-49.89298	90.6	-10.783879	9.538532	16.476954	-35.35554	1245000	-4.577637e-09	24.269985	-0.017912038	-22.618708	2.906135	0.019155042	0.211	10.0	47728.22489786148
249	-13.489729	18.057016	38.133755	-56.86649	101.79592	-12.0227785	10.105921	16.231472	-45.96512	1250000	-1.2207031e-08	67.93873	-0.0042409976	-52.226334	2.8588645	0.010045092	0.0928	1.0	47920.09387922287
250	-14.681114	13.180765	28.027124	-54.76583	101.244896	-9.602835	8.266127	13.687456	-35.99305	1255000	-4.7302247e-08	25.020369	-0.0032202224	-17.51532	2.8934224	0.02132085	0.1398	2.0	48112.26480960846
251	-13.296812	14.684427	35.20279	-59.87779	89.14286	-8.837396	9.339472	19.718006	-37.06191	1260000	6.5612795e-08	40.325657	-0.0136118345	-26.35698	2.8624485	0.017887868	0.16	5.0	48305.26553559303
252	-16.639076	11.511713	7.811451	-43.048317	104.083336	-10.897461	9.040897	19.02475	-32.068985	1265000	1.2207031e-08	18.10936	-0.014752981	-12.298378	2.8769925	0.01423432	0.15	7.0	48497.39135289192
253	-15.786849	15.115749	32.643764	-57.681637	119.02381	-9.9402485	8.251896	12.680132	-28.088152	1270000	-1.586914e-07	21.60397	-0.025036411	-17.803158	2.8476262	0.014008362	0.1728	13.0	48689.16937303543
254	-17.631449	10.521075	15.804025	-38.258144	98.9	-10.5351715	8.889082	19.293968	-30.159786	1275000	2.1362304e-08	17.14137	-0.011139231	-13.191397	2.8701344	0.015537991	0.1162	3.0	48883.07749581337
255	-13.511378	13.44182	19.07031	-44.32718	85.49123	-10.019695	8.366423	12.579102	-35.886616	1280000	-3.0517577e-09	25.628174	-0.0086334385	-17.747107	2.8487387	0.015593304	0.1626	5.0	49077.64140510559
256	-19.40051	14.588981	17.910593	-47.943295	108.51111	-10.223961	9.366954	11.650691	-31.640913	1285000	-6.1035155e-09	25.083954	-0.014448585	-17.71615	2.8450546	0.015328979	0.148	7.0	49271.02128410339
257	-13.993316	12.887417	22.04469	-50.140224	93.81132	-9.858859	8.833957	15.63848	-40.516277	1290000	-2.4414062e-08	23.723846	-0.023131685	-15.25762	2.8400896	0.018028747	0.1874	11.0	49465.33167743683
258	-16.389925	15.054591	23.959072	-43.140182	108.695656	-10.1929865	9.316049	15.306939	-62.365814	1295000	-4.577637e-09	32.547516	-0.021144867	-20.466404	2.8406281	0.017768292	0.1772	10.0	49658.28457546234
259	-14.270816	17.236393	35.468266	-40.049225	97.52941	-9.544569	9.026213	19.760317	-32.565014	1300000	-6.103516e-08	41.139015	-0.02249166	-31.839735	2.7969382	0.017936572	0.184	11.0	49852.1115591526
260	-13.966997	13.375809	31.314564	-51.57285	106.12766	-10.343901	9.663546	23.203861	-36.023518	1305000	7.93457e-08	37.359688	-0.017214973	-25.430084	2.7745059	0.020072047	0.178	8.0	50045.77464222908
261	-14.586697	13.602467	32.338696	-47.51771	112.5	-9.560696	9.30594	17.265207	-33.21063	1310000	2.89917e-08	31.086393	0.0028512678	-18.095318	2.7425675	0.02738423	0.2042	4.0	50238.59765982628
262	-14.834672	16.83284	33.061737	-53.629974	103.291664	-10.21606	9.151677	22.219374	-38.23003	1315000	1.2207031e-08	50.442554	-0.001956671	-40.01546	2.8113394	0.009014854	0.093	1.0	50431.63903641701
263	-15.880695	13.443534	17.180542	-47.13698	99.9	-9.975123	10.164011	22.070549	-43.2515	1320000	-8.5449216e-08	31.209084	-0.0018849839	-18.453516	2.767372	0.0038649857	0.0524	1.0	50623.1214363575
264	-15.183269	11.268614	34.31456	-39.267857	97.882355	-9.527725	8.658284	16.452648	-27.875753	1325000	2.2888184e-08	20.334326	-0.00041921157	-12.71658	2.7318738	0.007051661	0.0366	1.0	50814.14658999443
265	-17.076689	11.791599	-0.84396493	-49.686478	105.23404	-11.190442	8.712813	20.619864	-35.291924	1330000	7.6293944e-08	29.796272	0.0034376006	-23.05299	2.7934992	0.011318998	0.121	1.0	51004.92243862152
266	-15.271117	12.548468	16.166859	-52.326015	96.78432	-10.113343	8.151428	11.030566	-29.035374	1335000	-4.8828124e-08	24.05822	0.0020153138	-16.380564	2.7721984	0.007948948	0.0904	1.0	51196.16760158539
267	-18.151157	13.624207	29.308191	-49.717987	109.795456	-9.333538	10.086435	18.52128	-30.541058	1340000	5.1116942e-08	30.36848	0.0005508812	-24.5736	2.800666	0.009440163	0.1068	1.0	51386.53442645073
268	-13.897229	11.800483	18.125242	-45.760082	90.111115	-10.277261	8.929494	12.187233	-35.238518	1345000	1.6021728e-08	27.11249	0.0035615296	-21.442184	2.8158262	0.011163523	0.1194	1.0	51578.71187591553
269	-17.413015	13.877041	13.400122	-43.576855	104.276596	-11.561293	9.082802	30.039114	-32.0846	1350000	-4.8828124e-08	25.538488	0.0010625931	-18.020145	2.7558522	0.007068118	0.1252	1.0	51769.94426035881
270	-18.035805	12.930044	17.433523	-45.39831	99.76	-11.309764	8.669287	17.917717	-34.85957	1355000	-5.645752e-08	17.889639	-0.0024056963	-13.534067	2.7589245	0.0080226455	0.078	1.0	51961.39505767822
271	-16.807611	13.834611	19.563265	-51.72234	120.07317	-10.171872	9.902291	19.899391	-36.71353	1360000	3.6621095e-08	29.295765	0.00010595093	-18.188267	2.7373555	0.0063982895	0.1044	1.0	52151.16900014877
272	-15.691869	13.665487	32.464546	-45.93429	97.42	-10.908825	9.415256	18.977097	-34.939346	1365000	1.1901855e-07	28.360903	-0.007308063	-18.236254	2.794275	0.0114488145	0.0994	3.0	52342.73964595795
273	-14.898119	14.194596	33.332546	-41.833416	99.96	-10.447472	9.413379	16.343218	-39.843082	1370000	-2.822876e-08	23.356026	-0.0025972442	-14.856468	2.7455673	0.012072736	0.0924	1.0	52533.885904312134
274	-19.177155	16.167969	14.7803755	-71.83148	114.48837	-11.0523615	8.118236	8.501048	-34.755695	1375000	-5.645752e-08	31.836744	0.0023844345	-19.841026	2.7838387	0.0069418517	0.0978	1.0	52724.44390106201
275	-16.713678	15.361885	16.365168	-49.817356	101.583336	-10.396378	9.358239	16.54062	-29.912462	1380000	-1.8692017e-08	30.007235	-0.009046027	-18.30896	2.8046794	0.016096678	0.1586	5.0	52916.00761461258
276	-15.993486	13.605734	23.778597	-46.535866	92.55556	-10.168109	8.4963875	17.096699	-42.282906	1385000	7.629395e-09	18.779041	-0.014723967	-13.327786	2.7886863	0.020007964	0.1674	8.0	53107.80045008659
277	-17.995522	15.958641	24.247967	-50.822495	110.681816	-10.677039	8.387963	12.665093	-30.441761	1390000	-5.493164e-08	32.753365	-0.004441193	-26.009798	2.7933843	0.0054325545	0.0504	1.0	53298.181480407715
278	-16.110394	16.600616	38.495556	-63.394238	99.74	-11.345876	9.384624	17.973448	-33.989994	1395000	9.613037e-08	38.44346	-0.012072914	-29.059067	2.7508993	0.008884027	0.1022	5.0	53488.98381114006
279	-14.691902	19.103731	29.781183	-74.77444	98.24	-10.91805	8.802849	14.809277	-37.70002	1400000	8.392334e-08	38.935856	-0.014385365	-25.701488	2.7792945	0.013683084	0.1618	8.0	53680.66741108894
280	-20.529057	11.965569	1.1758095	-46.983562	117.666664	-10.485869	8.702509	14.347392	-31.97006	1405000	-9.155274e-09	16.574512	-0.01362507	-13.549303	2.7428505	0.017936725	0.1824	6.0	53871.43941736221
281	-13.195191	16.108656	23.253593	-50.62455	110.15909	-11.3283	9.05487	16.22008	-32.186176	1410000	-1.2207031e-08	46.536747	-0.01709048	-35.14113	2.7720752	0.017300889	0.1854	9.0	54061.94851875305
282	-11.906442	19.754833	34.579185	-40.994736	99.81633	-9.660418	10.385688	19.026768	-32.65144	1415000	1.0528564e-07	45.109272	-0.016040627	-31.920582	2.7633073	0.016022004	0.186	8.0	54253.24333739281
283	-17.023237	13.425005	31.292957	-40.970997	114.27907	-8.240874	11.020477	33.825157	-30.366615	1420000	2.4414062e-08	30.760328	-0.0041152798	-20.55041	2.7304952	0.0055973935	0.0382	1.0	54443.8273358345
284	-15.405579	12.532718	24.04543	-45.752014	113.0	-9.656684	8.570977	16.016922	-36.047165	1425000	-3.6621095e-08	29.463587	-0.013957893	-21.366524	2.7562823	0.012558379	0.139	6.0	54634.7869720459
285	-14.975525	12.051694	19.839184	-44.451244	90.25926	-9.2335	9.002115	14.207241	-36.41488	1430000	3.6621095e-08	41.013714	-0.023308484	-36.896927	2.7440538	0.017192077	0.1842	13.0	54826.7032520771
286	-13.310634	13.032621	31.37736	-55.12474	87.03571	-8.843235	9.011065	27.24611	-35.486874	1435000	-4.8828124e-08	27.208878	-0.023899652	-21.330769	2.7603161	0.01520344	0.177	14.0	55018.79753470421
287	-14.4718	14.738306	28.645039	-44.625713	129.97368	-7.4003663	10.051802	17.440596	-29.239553	1440000	-2.4414062e-08	30.190668	-0.031148907	-20.275898	2.7342405	0.015848208	0.2096	20.0	55208.41900253296
288	-16.220312	15.982993	31.090345	-55.69167	124.125	-11.073986	8.2691965	14.150719	-32.731205	1445000	5.1879884e-08	26.624762	-0.018731952	-15.095711	2.7160773	0.017169425	0.1852	8.0	55398.48503065109
289	-12.912437	18.558716	47.683315	-60.460747	106.13043	-9.601536	9.363083	23.770565	-28.07717	1450000	-1.525879e-08	42.702072	-0.01726519	-30.224087	2.727411	0.015260371	0.1934	9.0	55589.50092244148
290	-17.199118	12.327946	6.811261	-47.95091	110.111115	-10.096464	9.343283	19.240253	-33.04653	1455000	3.6621095e-08	18.721632	-0.019907722	-14.724759	2.7158165	0.01456928	0.1746	11.0	55780.305352926254
291	-14.162233	19.03121	22.883215	-40.774574	134.61111	-10.400122	8.84744	13.903927	-36.55309	1460000	-5.493164e-08	50.652058	-0.0130734835	-31.028471	2.7198331	0.014688566	0.1342	7.0	55969.393609285355
292	-17.910456	10.950909	7.9902563	-46.38325	117.48781	-9.353294	10.439112	27.57969	-31.91669	1465000	1.2207032e-07	30.74564	-0.02318354	-22.371712	2.7070246	0.016078984	0.1866	12.0	56159.40470957756
293	-11.804365	15.606207	28.16785	-41.95052	98.72	-9.009416	8.371942	17.140572	-32.743366	1470000	-6.103516e-08	30.686481	-0.017645061	-20.241728	2.6989148	0.019428099	0.141	9.0	56350.702615737915
294	-18.49889	11.739562	3.6511388	-43.80834	110.844444	-10.90309	9.454524	22.714418	-47.460815	1475000	-1.4648438e-07	20.720074	-0.025503304	-15.550375	2.7385185	0.016116893	0.1798	15.0	56540.76933646202
295	-15.300342	13.8731165	27.641386	-43.73314	97.76471	-10.177079	8.627285	14.42896	-30.971666	1480000	-6.103516e-08	26.97973	-0.012769201	-15.230549	2.6914668	0.02135885	0.182	6.0	56731.837693691254
296	-15.292193	14.048778	30.178905	-45.83202	88.69091	-9.758393	9.685488	25.683193	-31.186876	1485000	-1.2283326e-07	29.985893	-0.011365757	-16.714191	2.7203643	0.015242947	0.1102	4.0	56924.38324856758
297	-18.830515	16.489002	16.143705	-62.18386	125.74359	-10.293869	10.22023	23.475895	-38.712105	1490000	-1.6784668e-08	33.228977	-0.0070225205	-22.073177	2.7020664	0.01841876	0.1408	3.0	57114.56296610832
298	-13.698092	16.80402	26.73834	-45.747665	104.06383	-9.934331	9.142866	17.840084	-36.822323	1495000	-6.103516e-08	24.125984	-0.0040546083	-16.569273	2.7162561	0.0024963622	0.0488	1.0	57305.36625647545
299	-15.006434	14.390641	17.998491	-44.033863	100.44898	-8.567725	9.396266	20.950722	-31.517216	1500000	-7.324219e-08	27.262815	-0.0033173705	-21.023663	2.7030008	0.0070363847	0.0728	1.0	57496.269095897675
300	-15.074787	13.69472	12.43297	-48.813553	96.5	-9.979066	8.705189	12.963326	-39.436794	1505000	5.79834e-08	52.44362	-0.021651406	-41.31314	2.7092586	0.021150544	0.2316	9.0	57687.900423526764
301	-16.842983	13.288447	24.723478	-56.128963	104.12766	-10.531901	8.642781	19.319344	-41.126358	1510000	-3.8909914e-08	28.51191	-0.016721396	-22.622211	2.6835036	0.015810004	0.1844	8.0	57878.902326107025
302	-19.254578	15.259963	20.097689	-58.82338	102.125	-11.559295	8.459484	16.100128	-33.670692	1515000	-3.4332275e-09	20.374443	-0.0016133282	-13.653698	2.6720529	0.0150711285	0.1786	3.0	58070.39482784271
303	-15.049113	16.1606	23.408787	-62.770485	99.918365	-9.883199	9.494623	17.81458	-45.59188	1520000	8.8500975e-08	39.27356	-0.011845416	-26.237982	2.738985	0.02013675	0.2158	7.0	58261.37534213066
304	-14.0845995	14.691473	30.559204	-38.95271	91.296295	-8.94696	9.575331	25.582094	-36.503716	1525000	-4.2724608e-08	33.024937	-0.01669914	-26.313229	2.708236	0.013728902	0.1788	6.0	58453.349383831024
305	-18.365711	15.274863	24.76584	-61.4712	108.065216	-10.385991	9.130059	14.759522	-31.97239	1530000	-1.1901855e-07	22.729292	-0.03334129	-13.955114	2.666279	0.014081885	0.2014	26.0	58644.130160570145
306	-17.907457	13.902531	25.93	-49.085793	106.91111	-11.21158	8.897974	15.255413	-51.85781	1535000	-9.1552735e-08	21.049189	-0.024777094	-14.910356	2.6686015	0.015883215	0.1414	14.0	58835.06919384003
307	-17.149473	12.299712	20.040293	-41.348873	93.92308	-10.44363	8.466294	13.10846	-49.197506	1540000	1.8310548e-08	15.607014	-0.020517044	-11.763365	2.6377866	0.01772363	0.172	9.0	59027.050149440765
308	-15.422693	16.17804	28.454401	-54.55446	103.82979	-11.110579	9.41934	18.930658	-45.266273	1545000	-9.765625e-08	27.136806	-0.021398298	-20.929169	2.647569	0.019459475	0.1804	9.0	59218.25858235359
309	-16.169205	14.721902	15.5293	-55.106316	111.37209	-10.899531	8.290333	6.4150176	-35.995518	1550000	3.051758e-08	25.754436	-0.02266053	-14.315248	2.6556766	0.015437239	0.1756	13.0	59408.96374988556
310	-18.264528	12.774219	14.617524	-45.559086	92.86793	-11.686267	8.243629	12.205498	-42.648495	1555000	1.6784668e-08	16.883327	-0.0217818	-12.853655	2.651295	0.014440821	0.1626	10.0	59601.208785533905
311	-17.034351	11.659355	11.57764	-41.213093	99.591835	-10.716242	9.100832	14.6605835	-43.235107	1560000	1.0986328e-07	22.950745	-0.016199412	-16.939651	2.6626577	0.012353736	0.187	9.0	59792.42687034607
312	-14.95036	13.186675	15.548789	-47.886517	109.045456	-11.77833	8.13229	17.079416	-31.141115	1565000	7.324219e-08	46.85119	-0.01378241	-36.902237	2.6635804	0.013828641	0.1166	7.0	59982.785449266434
313	-18.803455	14.05182	12.017461	-49.871418	97.15686	-10.533923	9.212854	13.228193	-48.909954	1570000	5.79834e-08	18.648962	-0.0116594415	-14.499443	2.6476831	0.018824475	0.1328	4.0	60174.4597594738
314	-16.49415	10.525237	12.291703	-35.893147	129.10811	-10.641432	8.826918	12.790268	-45.290173	1575000	6.408691e-08	16.196959	-0.017877072	-10.241349	2.6573675	0.016168406	0.1394	9.0	60364.08393025398
315	-21.052402	15.006327	21.802725	-55.684883	114.37209	-11.179431	9.634988	15.702075	-51.03432	1580000	1.0986328e-07	30.384119	-0.016401058	-22.41322	2.6035652	0.01392249	0.1468	7.0	60554.506618499756
316	-20.405207	12.71341	-2.5872889	-67.019806	101.44898	-11.842885	8.01619	7.0789967	-38.613987	1585000	-1.373291e-07	10.279261	-0.009165732	-8.364224	2.626389	0.012534332	0.1124	3.0	60745.65520954132
317	-13.828342	13.348481	21.411835	-43.166187	118.34146	-10.564515	8.70187	18.129978	-35.53931	1590000	-5.340576e-09	27.88394	-0.014331864	-19.225712	2.645653	0.015552162	0.1238	5.0	60935.87083053589
318	-17.766245	12.997894	11.201708	-55.1527	101.34694	-9.933302	7.963121	21.062534	-37.33758	1595000	-1.159668e-07	23.372446	-0.013040423	-15.666957	2.6144686	0.01872295	0.1834	7.0	61126.660687208176
319	-13.558069	15.553222	19.788857	-47.11506	108.67391	-9.644436	8.577452	9.866486	-48.29914	1600000	-1.2207031e-08	27.241371	-0.015702281	-19.006245	2.6460521	0.017151475	0.1816	8.0	61317.045535087585
320	-16.944967	11.592096	15.629833	-48.95018	117.2619	-9.48696	10.099806	24.976505	-35.544064	1605000	3.0517577e-09	15.757483	-0.0026509827	-10.953167	2.679411	0.001538757	0.0156	1.0	61507.482330560684
321	-16.732517	12.634449	27.094126	-46.72291	112.295456	-11.307395	9.212533	17.804756	-34.686337	1610000	2.3651124e-08	24.478281	-0.0009094894	-17.574137	2.680294	0.005435411	0.0658	1.0	61698.18197488785
322	-13.1128235	16.972239	31.645401	-50.73018	100.020836	-9.550424	9.168374	16.76584	-41.068348	1615000	1.4495849e-07	32.499146	-0.003597609	-23.153378	2.6291995	0.0017352059	0.0232	1.0	61889.426033735275
323	-15.90301	14.27621	23.454958	-49.291775	105.702126	-8.155129	9.4821415	16.607632	-31.614162	1620000	-3.051758e-08	36.184605	-0.006203247	-26.343876	2.6192427	0.010415102	0.0926	3.0	62080.78522896767
324	-15.977653	16.51167	30.429674	-54.834297	113.860466	-10.152525	9.573517	13.231443	-51.106823	1625000	6.1035155e-09	35.859093	-0.0016914428	-27.21707	2.6697843	0.003422348	0.0286	1.0	62271.2459590435
325	-14.875827	11.704838	15.813901	-45.12662	101.97959	-9.716734	9.116604	17.100925	-35.02889	1630000	-5.340576e-09	36.862564	-0.0017882698	-29.05766	2.623684	0.009376301	0.1028	1.0	62462.71614074707
326	-16.730812	16.628265	44.972572	-51.090893	91.50944	-10.351797	8.5087185	17.57161	-47.73245	1635000	-3.0517577e-09	25.089561	-0.015268665	-18.658592	2.642671	0.009660168	0.121	6.0	62654.72210025787
327	-18.075941	14.860832	5.953995	-50.79169	116.139534	-9.99119	9.864049	22.501945	-41.73334	1640000	8.5449216e-08	28.091171	-0.0028919128	-25.257935	2.6564972	0.007319655	0.087	1.0	62845.283020973206
328	-16.56207	17.275887	32.01737	-56.914692	112.63636	-11.59324	8.423348	9.9983015	-43.14791	1645000	4.2724608e-08	35.13284	-0.0019153443	-25.717747	2.6629343	0.0091497945	0.1298	1.0	63036.147441625595
329	-14.666513	14.989282	18.660212	-43.556767	102.02041	-9.8821125	9.173375	16.470387	-41.786285	1650000	4.2724608e-08	33.40268	-0.0018982239	-19.756248	2.6581988	0.010435598	0.121	1.0	63227.593472480774
330	-16.971592	15.851017	24.497946	-47.644104	108.68889	-10.248604	10.117388	19.830086	-45.378498	1655000	9.155274e-09	44.553623	0.00044479978	-37.158485	2.6756806	0.013261441	0.1578	3.0	63418.67601919174
331	-15.79169	14.470327	30.300705	-44.25298	108.37778	-10.747319	8.888716	15.343852	-57.098877	1660000	-1.373291e-08	49.9674	-0.00012585601	-41.758995	2.6462603	0.0061565316	0.0584	1.0	63609.48008155823
332	-16.469484	15.070741	29.693466	-54.268	107.478264	-10.485256	10.598343	22.496931	-59.88079	1665000	-4.8828124e-08	31.082031	-0.0010258667	-22.454113	2.6492844	0.008378305	0.13	1.0	63800.3491601944
333	-11.886276	18.181961	30.78399	-69.12591	95.69231	-10.188483	8.092302	9.930547	-39.297146	1670000	3.0517577e-09	57.209373	-0.0034452607	-39.036148	2.6525648	0.002371585	0.043	1.0	63992.346655368805
334	-14.65768	15.255218	27.639713	-50.623425	130.73685	-8.815286	10.011622	19.687054	-40.464687	1675000	7.019043e-08	54.38663	-0.004073868	-39.378197	2.650568	0.0037235427	0.0316	1.0	64182.20681142807
335	-16.957449	11.769453	29.078644	-45.51307	99.270836	-9.654352	9.414162	17.506525	-53.409874	1680000	-1.159668e-07	25.859959	0.00045750733	-19.773054	2.6174626	0.011420735	0.1004	1.0	64373.68366551399
336	-14.918363	18.078815	27.237938	-61.71688	110.63636	-9.43185	9.148668	14.319507	-42.649292	1685000	7.019043e-08	32.614746	-0.007709265	-21.187162	2.6346915	0.008299657	0.084	3.0	64564.361637592316
337	-19.46132	13.557359	24.428888	-49.07566	97.35294	-11.48703	9.951482	16.135347	-46.7014	1690000	4.2724608e-08	26.124788	-0.00296886	-20.86539	2.626204	0.0072337883	0.0484	1.0	64756.26358747482
338	-11.480492	15.799963	31.723682	-44.613506	98.82	-10.824655	9.644439	10.453283	-64.272964	1695000	-1.1444092e-08	38.022465	-0.0008786949	-23.578796	2.6639063	0.0058546076	0.093	1.0	64947.56422686577
339	-15.672988	12.357191	17.293118	-40.38807	111.86364	-8.854529	9.4110155	20.100113	-44.587505	1700000	5.79834e-08	30.104584	-0.008356155	-21.00083	2.6599603	0.0082791615	0.0784	3.0	65138.298465013504
340	-17.141708	13.9712925	41.950714	-49.783535	101.938774	-10.772309	8.73752	24.234694	-31.020363	1705000	5.9890745e-08	20.283018	-0.001839751	-12.0872345	2.6665888	0.0034361652	0.0332	1.0	65329.58258700371
341	-16.728458	14.804614	21.700373	-51.297733	119.07317	-10.30158	9.735636	23.60368	-44.61459	1710000	3.6621095e-08	29.628662	-0.014404791	-15.674279	2.620215	0.017769903	0.159	6.0	65519.829173088074
342	-15.928576	14.287085	31.78629	-44.950676	94.47059	-10.199691	8.499688	16.85086	-28.298573	1715000	-2.4414062e-08	24.008066	-0.018415881	-17.70573	2.6381726	0.015850225	0.1538	10.0	65711.03481841087
343	-15.897304	16.622244	24.684633	-60.101738	103.42553	-8.691353	10.053878	21.277435	-42.841385	1720000	3.3569336e-08	38.284943	-0.024640143	-31.829035	2.6454825	0.014543944	0.1818	11.0	65901.88438606262
344	-14.451172	13.402237	17.32503	-47.386997	101.291664	-11.081758	7.8037057	11.843912	-28.91183	1725000	2.5939942e-08	35.143143	-0.01714511	-21.603065	2.65781	0.015935406	0.1414	9.0	66093.16640758514
345	-15.926366	15.802014	27.458666	-46.43932	117.64286	-8.898552	9.552682	25.46268	-32.353394	1730000	6.408691e-08	21.531591	-0.02172519	-13.926519	2.6230578	0.018761253	0.167	12.0	66283.74565434456
346	-15.949411	14.979122	20.759697	-48.20671	105.6383	-10.823548	9.241393	16.888695	-37.005596	1735000	2.4414062e-08	24.337406	-0.022456525	-17.093876	2.5979145	0.017920684	0.192	11.0	66474.96326303482
347	-17.272663	14.663417	14.920133	-53.73726	126.4359	-11.180414	8.662275	14.310992	-31.561525	1740000	2.1362304e-08	28.449713	-0.023541702	-18.833582	2.617212	0.015517368	0.205	11.0	66664.8950138092
348	-14.462511	14.3724375	26.590605	-60.113693	92.37037	-9.2962	8.632909	17.950602	-30.641846	1745000	4.2724608e-08	28.329544	-0.017057315	-20.01535	2.5714252	0.018147616	0.1546	9.0	66856.27467489243
349	-13.318349	12.47983	37.750946	-38.96646	92.603775	-9.175357	9.485995	25.549196	-30.754107	1750000	-4.5776368e-08	15.331253	-0.016821725	-12.004879	2.6261802	0.01857817	0.1828	7.0	67047.83046889305
350	-8.321676	14.918052	33.60918	-34.27327	99.72	-7.279511	8.813576	14.075758	-30.907547	1755000	3.3569336e-08	50.304565	-0.017198114	-33.021816	2.5739284	0.016951056	0.1574	10.0	67239.47675681114
351	-14.125242	13.94187	39.027866	-34.261887	93.42308	-8.958456	9.800842	25.379347	-31.482183	1760000	6.103516e-08	18.386263	-0.014873893	-12.906544	2.6126852	0.017007085	0.1452	6.0	67431.13776731491
352	-12.382713	14.642514	38.672054	-49.304436	101.36735	-8.02509	9.093191	21.879787	-35.269394	1765000	9.1552735e-08	20.811695	-0.010489016	-15.153689	2.5566807	0.014754396	0.1208	5.0	67622.28419351578
353	-15.919278	13.307895	12.798627	-46.906845	99.46	-10.220282	8.762261	20.293303	-27.819937	1770000	-5.302429e-08	18.847383	-0.019182568	-14.555624	2.559445	0.016494628	0.2074	10.0	67814.01371765137
354	-14.964631	13.298042	19.24417	-49.02712	87.45614	-9.795646	9.280946	19.568174	-57.079876	1775000	5.645752e-08	37.104584	-0.012306019	-29.291536	2.559407	0.016657589	0.1778	8.0	68006.48205661774
355	-6.3793383	19.093359	38.70668	-37.846184	110.46667	-6.578982	10.367987	24.218903	-33.15427	1780000	-5.683899e-08	38.319374	-0.001778196	-19.679306	2.613516	0.0031691056	0.0406	1.0	68196.8652908802
356	-14.459066	14.187269	23.155941	-47.105606	89.9434	-8.383269	9.769064	21.792675	-46.77993	1785000	5.1879884e-08	27.306469	-0.0024755432	-21.061926	2.6007829	0.0042416095	0.052	1.0	68388.81122493744
357	-19.508694	11.819159	-1.1581596	-43.801292	118.309525	-11.329121	9.8486	27.1173	-49.013836	1790000	-1.5258789e-09	27.485666	-0.011463313	-24.24946	2.5843701	0.015614402	0.1386	4.0	68579.11911416054
358	-14.571235	13.959375	14.999886	-42.685665	109.48889	-10.961046	8.704078	21.162868	-32.709217	1795000	7.6293944e-08	28.289	-0.016334267	-18.450474	2.5872986	0.018736772	0.1448	9.0	68769.34644389153
359	-15.211869	15.0471945	29.806318	-45.45058	94.30189	-10.086681	8.3081	15.611371	-30.983957	1800000	-7.6293944e-08	29.788431	-0.015242144	-19.4276	2.5563786	0.020617059	0.1602	7.0	68961.61104559898
360	-14.859553	13.880429	16.43617	-40.427563	135.37143	-8.443173	9.218065	15.619852	-32.548077	1805000	-1.2207031e-08	28.472696	-0.02889401	-20.042082	2.579557	0.014316916	0.1914	20.0	69151.33519744873
361	-13.068344	17.5231	31.271992	-40.76434	126.210526	-9.293955	9.323218	21.890003	-47.061226	1810000	3.0517577e-09	37.813774	-0.026408086	-30.159782	2.5476754	0.013816595	0.1644	14.0	69341.34922194481
362	-11.713864	13.504119	25.377655	-36.31808	110.066666	-8.826603	9.145118	13.3302555	-53.605564	1815000	4.8828124e-08	31.03071	-0.013027713	-20.887142	2.5549421	0.018792259	0.1476	5.0	69531.98627638817
363	-14.820964	15.88604	23.12853	-45.396645	118.42857	-8.114344	9.780413	20.022743	-26.53056	1820000	-6.1035155e-09	29.755135	-0.029670633	-20.421803	2.5788426	0.014215066	0.1792	20.0	69722.2645971775
364	-13.825249	13.000922	20.762001	-58.357746	91.25926	-8.9515705	9.5112095	17.269863	-52.60821	1825000	-2.9754638e-08	28.113194	-0.020036357	-19.855495	2.5836074	0.016874932	0.157	11.0	69914.0496301651
365	-20.008347	18.339277	31.285423	-53.12513	115.51163	-11.338075	10.604121	14.823146	-48.277348	1830000	-3.8146972e-08	28.745892	-0.016832083	-19.544165	2.5429296	0.016341025	0.1678	9.0	70104.47407889366
366	-12.594281	14.756272	23.174269	-39.09521	107.17391	-8.969604	9.221426	23.761824	-30.634584	1835000	-3.0517577e-09	42.0997	-0.012226327	-35.42279	2.5290458	0.016457561	0.1616	5.0	70295.4951775074
367	-16.107677	14.805426	26.506124	-46.23129	121.48781	-7.124458	9.663613	21.888235	-31.694353	1840000	7.095337e-08	48.376663	-0.018946689	-40.738697	2.5822508	0.015933704	0.1728	10.0	70485.63386034966
368	-14.217386	15.637766	29.083931	-48.363968	120.17073	-8.987012	9.435035	18.865734	-42.48552	1845000	7.629395e-09	34.44926	-0.01310699	-25.350569	2.5572937	0.024748968	0.2268	9.0	70675.86412358284
369	-14.738192	14.073555	23.616426	-43.35062	110.44444	-9.923911	8.910157	14.09138	-29.25602	1850000	2.4414062e-08	26.13315	-0.0034094634	-17.621162	2.548593	0.003769221	0.0742	1.0	70867.0783252716
370	-19.79011	18.383059	31.747421	-63.59999	129.23685	-9.0899105	9.927406	23.004778	-43.69761	1855000	3.3569336e-08	34.7056	0.0069605834	-25.403646	2.5536487	0.027680524	0.2118	1.0	71057.4339287281
371	-21.162573	16.64726	30.697197	-53.876286	111.86364	-11.636782	10.003156	16.43931	-39.807888	1860000	6.103516e-08	32.595963	0.0033277054	-27.211681	2.5419734	0.014133905	0.1446	1.0	71248.37954521179
372	-14.4825945	17.27521	30.289396	-40.74471	101.479164	-10.713151	9.589465	19.205494	-42.76543	1865000	-6.5612795e-08	28.003054	-0.003321324	-19.132616	2.523284	0.00467574	0.0468	1.0	71439.70490193367
373	-11.01127	21.006876	41.216995	-54.54228	117.731705	-8.489498	10.271452	18.597368	-40.716396	1870000	6.408691e-08	31.170265	-0.0025161041	-19.733839	2.553314	0.008153792	0.0964	1.0	71629.87399864197
374	-15.890004	14.280641	30.31774	-38.72924	101.145836	-8.846692	10.681406	26.14111	-30.087872	1875000	6.713867e-08	28.499022	-0.0032897505	-22.265352	2.5319366	0.007708191	0.064	1.0	71820.88021373749
375	-16.116047	16.45627	31.051195	-37.585285	111.39535	-9.351594	9.082798	16.792921	-62.34028	1880000	6.408691e-08	27.496206	-0.00059553835	-19.024364	2.5537415	0.012455448	0.0966	1.0	72011.10013842583
376	-13.9625225	14.087319	11.632496	-46.74513	121.12195	-9.196585	9.573855	15.3606415	-50.845524	1885000	3.2043456e-08	25.531128	-0.0058493046	-18.8323	2.5374312	0.009785169	0.1174	3.0	72200.82526373863
377	-17.519266	13.719717	25.655926	-40.19783	97.72549	-10.7090845	9.167124	23.575653	-28.997368	1890000	-4.2724608e-08	25.615532	-0.0033200101	-17.214338	2.537432	0.005213668	0.046	1.0	72392.36852836609
378	-16.276775	13.757754	27.936407	-43.280952	108.68889	-10.061581	9.097935	20.424883	-45.625145	1895000	4.8828124e-08	20.022165	-0.0041043917	-12.413155	2.5429494	0.0050257994	0.0454	1.0	72582.96580529213
379	-15.225223	16.150805	27.611563	-55.987633	86.38596	-10.376275	8.371971	8.993013	-34.685997	1900000	-5.493164e-08	27.413134	0.00064744876	-20.945679	2.5380225	0.009167928	0.0818	1.0	72775.41481947899
380	-13.105794	15.304412	36.315395	-47.36837	104.95652	-8.832567	8.679517	15.332464	-32.579926	1905000	3.0517577e-09	19.04987	-0.0010718018	-13.292403	2.539771	0.0039775223	0.0828	1.0	72966.3902361393
381	-14.06146	16.490192	36.99364	-47.868557	101.770836	-8.976949	9.092052	24.472677	-30.555477	1910000	-6.103516e-08	34.39077	-0.0032274507	-21.82985	2.5303094	0.0053311596	0.062	1.0	73157.5464258194
382	-13.086464	17.431831	42.85704	-43.173435	103.104164	-8.937481	10.382288	31.290342	-40.938526	1915000	-1.159668e-07	20.789402	-0.0033068024	-14.902222	2.542575	0.012773461	0.1302	1.0	73348.35824155807
383	-12.637084	14.629062	32.947117	-38.660137	97.196075	-8.552867	9.906928	29.365856	-29.504702	1920000	-5.9509276e-08	34.521065	0.0012643478	-23.887098	2.5057237	0.013247	0.1262	1.0	73540.13478255272
384	-20.172276	14.677522	20.089106	-48.128967	120.51219	-10.048627	8.851933	15.104522	-32.140747	1925000	-6.1035155e-09	30.593756	-0.00545686	-21.826633	2.5416346	0.010902104	0.1112	3.0	73730.58630013466
385	-15.418584	15.540545	31.166592	-45.770775	103.5	-10.080162	10.145839	13.82472	-48.196083	1930000	-3.0517577e-09	28.003902	-0.0019516876	-19.767061	2.507706	0.01055295	0.108	1.0	73922.00215959549
386	-15.191898	15.300248	31.027376	-45.963024	94.09434	-9.8023815	9.551142	21.04926	-36.825024	1935000	-1.0375977e-07	30.518309	-0.0045080795	-22.690096	2.528	0.01324075	0.1174	1.0	74113.75712132454
387	-18.857765	12.361648	12.087476	-41.921387	119.0	-10.583603	9.409963	14.059336	-31.616627	1940000	8.5449216e-08	24.655952	-0.0010451935	-20.771711	2.5103073	0.010755431	0.0828	1.0	74304.51937484741
388	-15.761416	15.430015	26.379725	-44.592125	105.76596	-10.623919	9.718942	17.095428	-41.971725	1945000	-1.6021728e-08	35.92212	-0.015086349	-26.672546	2.542793	0.016949777	0.1584	6.0	74496.55290722847
389	-15.9352865	17.029158	30.75514	-52.379047	107.67391	-11.47084	10.274415	22.118702	-33.09191	1950000	-6.408691e-08	24.592361	-0.015668007	-18.532467	2.5034804	0.016418781	0.155	7.0	74688.29088830948
390	-15.785954	16.084347	28.45539	-53.508186	90.10909	-8.982478	9.439218	15.5031595	-33.220127	1955000	1.525879e-08	42.17676	-0.022757057	-31.734299	2.49363	0.015418173	0.1864	14.0	74881.49095129967
391	-9.467844	19.590277	38.20801	-49.42275	95.92157	-8.910867	10.455703	22.917246	-40.11028	1960000	-8.5449216e-08	41.420105	-0.013894153	-30.043049	2.4929268	0.018619245	0.1338	6.0	75074.07787466049
392	-12.946423	15.2671795	27.066547	-47.030567	115.325584	-7.5077953	9.370899	19.383556	-28.526873	1965000	1.5258789e-09	43.300976	-0.016376797	-35.05726	2.5120463	0.01641189	0.1668	7.0	75265.12478971481
393	-14.348184	11.9276705	12.201024	-42.201225	85.36207	-9.655892	8.278531	14.485402	-35.52643	1970000	1.8310548e-08	21.8694	-0.02374186	-17.18504	2.5175722	0.014983887	0.1734	12.0	75458.28611087799
394	-10.86502	15.476108	30.797554	-50.03556	97.960785	-9.514826	9.553172	16.633644	-44.237217	1975000	1.2207031e-08	30.989357	-0.021692505	-23.06477	2.509846	0.016654795	0.1778	10.0	75650.82511925697
395	-16.71902	13.534441	19.961222	-43.458683	112.568184	-9.9005785	10.314233	20.084467	-40.021378	1980000	-7.629395e-09	20.984343	-0.019256251	-17.28614	2.501256	0.017549984	0.1528	10.0	75842.7664783001
396	-14.766026	12.218816	25.495852	-40.76822	116.139534	-9.985014	10.06765	25.08186	-40.089867	1985000	8.8500975e-08	21.20644	-0.0140256025	-16.198084	2.548207	0.014887944	0.158	6.0	76034.49656414986
397	-12.576434	16.675806	34.78233	-47.735405	103.0625	-9.275111	9.839747	15.881378	-50.538376	1990000	0.0	35.519855	-0.017177552	-22.765823	2.5101821	0.020877194	0.2098	8.0	76227.65175366402
398	-15.24235	15.649559	27.139627	-42.23179	106.297874	-9.39344	10.126949	14.087926	-40.473984	1995000	3.967285e-08	31.970518	-0.021295419	-26.30925	2.5146267	0.014183125	0.1802	10.0	76420.5465707779
399	-17.359478	14.010751	23.210897	-42.60352	92.79245	-10.750152	9.290965	18.639772	-35.814465	2000000	-4.9591065e-08	26.756819	-0.022107244	-21.28456	2.4662817	0.01720484	0.1648	11.0	76612.99062728882
400	-15.100955	14.808379	28.97478	-44.937313	107.652176	-10.450981	9.181208	18.394968	-30.015606	2005000	-4.8828124e-08	28.441616	-0.022231597	-22.304419	2.4825695	0.01532999	0.1606	11.0	76804.50590610504
401	-7.99756	18.489454	26.425968	-51.047993	110.51111	-8.907709	9.899789	22.389029	-47.081757	2010000	-5.569458e-08	43.41665	-0.01241065	-35.11621	2.4400694	0.016308777	0.1422	5.0	76995.08963656425
402	-12.098997	20.802801	33.556343	-53.15599	117.36585	-7.5002017	10.774916	18.582556	-32.223866	2015000	1.8310548e-08	49.224575	-0.02981413	-39.233856	2.4767935	0.015945705	0.1988	19.0	77185.32726383209
403	-16.981447	16.324377	35.794266	-48.264725	104.23404	-9.614059	10.900423	24.076754	-44.917713	2020000	5.8746338e-08	47.122955	-0.026514877	-40.58879	2.4389136	0.013779623	0.1794	15.0	77376.48570609093
404	-17.216932	15.788802	31.418074	-48.926403	110.755554	-11.025396	9.844937	16.854929	-37.89387	2025000	-3.967285e-08	30.356531	-0.009389309	-22.70442	2.4604356	0.015876386	0.1466	4.0	77567.93935608864
405	-16.481451	15.258363	27.994038	-54.615047	110.08889	-10.244458	9.16381	14.294149	-33.11239	2030000	1.5258789e-07	25.80712	-0.0015706788	-20.445824	2.466703	0.0068399073	0.0766	1.0	77759.2293407917
406	-15.401134	16.822952	29.922235	-43.483475	108.17778	-10.008264	10.278946	17.583132	-45.96877	2035000	3.051758e-08	29.789595	-0.0010301819	-21.140257	2.437112	0.0050412365	0.0736	1.0	77950.48770165443
407	-17.606037	18.074081	34.253338	-52.55219	116.21429	-10.491382	10.438396	24.394377	-34.365063	2040000	-9.4604495e-08	24.753841	-0.001760614	-14.748338	2.4109254	0.002697909	0.0402	1.0	78141.08783912659
408	-13.468117	15.00937	23.483839	-41.210384	91.13207	-9.353509	9.69818	22.041843	-37.410282	2045000	8.5449216e-08	28.574953	0.006900659	-19.268349	2.4617126	0.022768933	0.1372	1.0	78333.15449428558
409	-12.700489	14.021587	27.176363	-43.39088	112.325584	-8.276763	11.262525	27.045815	-34.766617	2050000	2.4414062e-08	27.543362	-0.00034315186	-23.255302	2.44072	0.013165706	0.1204	1.0	78523.799066782
410	-15.91239	15.395483	30.343985	-39.878395	123.9	-9.210655	10.341189	15.636452	-31.117966	2055000	6.103516e-08	28.444891	0.00035004274	-18.903297	2.422872	0.0070805284	0.0828	1.0	78714.44284892082
411	-14.075508	17.346886	38.707184	-39.300125	116.6	-10.5222	9.620903	24.251001	-28.8844	2060000	-6.1035155e-09	16.583073	-0.00070783996	-12.039463	2.465111	0.0042298823	0.0552	1.0	78905.0266520977
412	-11.335699	18.694633	27.47303	-46.80332	122.625	-7.842564	10.522167	25.16158	-32.91794	2065000	2.1362304e-08	57.640713	-0.0025208818	-47.094173	2.4276085	0.014372653	0.1082	1.0	79095.51059913635
413	-12.772881	17.050886	42.255688	-37.97284	121.63415	-8.24287	11.776447	22.899872	-57.516285	2070000	-3.6621095e-08	41.043808	-0.0029106233	-31.07156	2.4328318	0.008529931	0.087	1.0	79286.23274278641
414	-17.577492	13.965949	18.390076	-46.905952	101.85107	-10.383912	9.145273	11.874883	-63.685818	2075000	-4.2724608e-08	17.96274	0.002345639	-14.597616	2.4490604	0.01118209	0.085	1.0	79477.493019104
415	-14.385303	14.431329	26.063768	-41.447994	110.577774	-10.458543	9.827589	16.678448	-33.628674	2080000	1.9836426e-08	26.029568	-0.0032429672	-18.770187	2.4501817	0.015641922	0.1868	1.0	79668.53972935677
416	-13.652095	13.365643	27.830965	-35.342728	121.70731	-9.165409	10.002027	19.532455	-27.94433	2085000	6.1035155e-09	19.804985	-0.001129489	-11.998871	2.415668	0.008213826	0.083	1.0	79858.76183152199
417	-17.021675	16.058332	32.910202	-51.262897	126.947365	-9.801155	9.898818	16.62517	-32.881474	2090000	6.1035155e-09	22.766733	-0.0016680786	-17.181086	2.4192228	0.0070079374	0.068	1.0	80049.78133940697
418	-14.288394	12.713257	22.606422	-37.48822	107.333336	-10.879087	9.397083	16.856596	-31.055798	2095000	-6.103516e-08	31.354382	-0.0033882386	-24.430248	2.4503243	0.016821014	0.1858	4.0	80243.50955486298
419	-16.088408	13.699667	15.513984	-41.36371	105.391304	-9.928307	9.039356	16.948019	-27.807283	2100000	8.239746e-08	21.517565	-0.007237427	-17.029003	2.424894	0.016057873	0.1182	3.0	80436.23990488052
420	-16.152325	15.270915	26.584862	-47.211494	141.31429	-9.655812	10.254584	20.311771	-28.447996	2105000	1.8310548e-08	21.144949	-0.027464429	-17.074326	2.4117608	0.012804261	0.2166	14.0	80627.19506764412
421	-15.868275	18.482622	28.247835	-50.532356	105.78723	-9.2271805	10.126797	16.6672	-43.89523	2110000	-1.2207032e-07	52.70845	-0.02083702	-42.87379	2.440241	0.017786205	0.2248	9.0	80820.14798521996
422	-17.00305	14.39045	24.758173	-43.038467	103.44681	-10.633388	9.064887	20.847692	-27.778784	2115000	5.79834e-08	15.399485	-0.01316932	-11.609478	2.4607	0.007928992	0.0912	5.0	81011.33546352386
423	-19.010565	12.913956	17.662394	-46.963223	92.98077	-10.889078	9.59592	17.32518	-47.797867	2120000	4.2724608e-08	25.22089	-0.013826157	-21.157759	2.447473	0.014548135	0.2054	8.0	81203.05160069466
424	-14.186557	14.728168	24.608322	-43.47867	103.5	-11.221959	9.013727	10.999124	-32.95601	2125000	-3.967285e-08	38.606594	-0.0027725373	-29.41993	2.4216747	0.00540054	0.058	1.0	81393.64960980415
425	-14.3509445	12.210573	20.75464	-36.196323	106.23913	-9.0997305	8.678957	24.70667	-28.258545	2130000	-2.746582e-08	15.195148	-0.006771042	-7.204651	2.438852	0.014321916	0.1546	5.0	81584.02092123032
426	-17.304474	14.382586	17.624819	-45.30957	123.947365	-10.003614	9.196707	13.011628	-29.657305	2135000	5.1879884e-08	22.498579	-0.0004997101	-15.238577	2.4599981	0.006964805	0.1014	1.0	81773.83543300629
427	-11.24156	14.510537	29.699017	-44.61416	115.42857	-8.75205	10.001537	25.56432	-29.229689	2140000	3.6621095e-08	22.620527	-0.002460466	-14.622236	2.4554138	0.011781125	0.1366	1.0	81963.85859584808
428	-15.429979	15.347745	28.935688	-43.39684	93.94231	-9.603028	9.613556	23.034252	-30.49715	2145000	7.171631e-08	51.072224	-0.0012493866	-45.230946	2.4304297	0.008645928	0.1294	1.0	82155.74109148979
