Epoch	AverageEpRet	StdEpRet	MaxEpRet	MinEpRet	EpLen	AverageVVals	StdVVals	MaxVVals	MinVVals	TotalEnvInteracts	LossPi	LossV	DeltaLossPi	DeltaLossV	Entropy	KL	ClipFrac	StopIter	Time
1	-24.472467	28.846447	29.610971	-57.725533	175.14285	-9.943956	11.389333	0.51320654	-60.153385	10000	3.051758e-08	181.5664	-0.045478165	-36.107635	22.95256	0.015500766	0.1828	38.0	165.94999766349792
2	-28.872583	29.42431	25.402954	-58.622307	161.4	-8.225946	11.936876	1.1654497	-59.49828	15000	-4.2724608e-08	229.60535	-0.042687055	-23.610123	22.956875	0.015345588	0.1628	31.0	331.48922848701477
3	-26.382149	30.068832	32.961674	-58.143234	151.78125	-6.8214006	11.0114	1.4329449	-68.19713	20000	3.6621095e-08	202.94238	-0.035034217	-23.946579	22.921772	0.015490357	0.146	27.0	498.41045928001404
4	-28.517721	28.075409	5.5946927	-60.732372	161.25807	-4.071933	10.23858	2.4999542	-67.92394	25000	-5.1879884e-08	117.52518	-0.046172462	-12.551392	22.901232	0.015166187	0.1746	36.0	665.7793927192688
5	-18.25185	31.392828	29.15037	-58.553852	184.14815	-4.5914974	10.918171	2.0413933	-75.93631	30000	3.0517577e-09	195.88725	-0.04360028	-26.898743	22.887268	0.013188967	0.1624	79.0	1007.3934440612793
6	-26.187876	30.693382	32.675438	-61.25631	159.51613	-3.3365757	10.537493	3.5960352	-70.798676	35000	3.967285e-08	166.70274	-0.055423375	-12.629211	22.940838	0.015176732	0.2148	79.0	1177.5182147026062
7	-25.82305	31.35314	32.54293	-60.26249	155.96774	-3.461498	10.365145	2.994656	-72.04632	40000	-2.5939942e-08	192.91495	-0.036647003	-24.434845	22.904993	0.015820023	0.1402	25.0	1347.3569073677063
8	-22.211182	31.790764	29.759233	-59.441082	179.51852	-3.2472184	11.243566	3.2742205	-74.26869	45000	-2.4414062e-08	214.71417	-0.051379196	-19.563904	22.896471	0.014865399	0.1886	70.0	1516.7860736846924
9	-25.44376	29.826939	31.225727	-59.919647	161.9	-2.239183	10.217911	4.0087247	-69.37512	50000	-1.525879e-08	136.37996	-0.0313121	-17.080025	22.829472	0.015695753	0.1416	21.0	1686.721451997757
10	-26.53611	32.16743	33.14654	-60.0224	154.6875	-3.2640274	11.983457	3.6599262	-84.49808	55000	0.0	183.0623	-0.0321109	-18.480103	22.84862	0.01577523	0.1486	23.0	2033.217265367508
11	-31.474863	31.587717	37.210876	-59.906796	138.83333	-6.16658	15.418996	3.4406095	-77.5083	60000	6.103516e-08	172.38239	-0.026084116	-32.609818	22.881275	0.0152123	0.1392	13.0	2203.727004289627
12	-29.70741	31.98752	37.655663	-60.2159	131.8108	-9.633869	18.984854	2.977377	-93.10751	65000	2.4414062e-08	249.62338	-0.02928233	-55.533813	22.856848	0.016631935	0.1296	18.0	2374.4164752960205
13	-29.792171	32.464436	29.81885	-60.98855	135.72223	-7.08483	15.801399	5.4728947	-70.05965	70000	-4.8828124e-08	269.21844	-0.03921549	-28.184952	22.859787	0.015490023	0.1646	28.0	2545.0733575820923
14	-32.844574	30.185476	32.665314	-59.229618	127.30769	-2.5857694	14.630998	9.62339	-87.78407	75000	3.852844e-08	218.06473	-0.033613957	-79.92505	22.832787	0.016338766	0.148	21.0	2715.846101999283
15	-26.509506	29.943165	30.42762	-60.700527	160.32259	-5.542938	15.095246	5.302667	-60.37058	80000	2.4414062e-08	188.58902	-0.048112545	-27.589325	22.847908	0.015460855	0.1842	57.0	3061.708075761795
16	-24.048664	30.665468	31.364073	-58.89905	168.44827	-2.7600884	13.1861105	5.8718076	-75.872986	85000	-4.2724608e-08	144.96378	-0.0419083	-23.392776	22.81744	0.014940032	0.1642	50.0	3231.314421892166
17	-21.254564	29.498432	25.619324	-59.97025	186.11539	-1.5444566	10.765913	6.6479073	-67.823395	90000	-1.8310548e-08	159.795	-0.052522387	-32.22261	22.796087	0.011742729	0.1654	79.0	3400.5757989883423
18	-26.859476	34.097176	34.48861	-60.77754	135.14285	-6.3016195	16.644964	5.301686	-86.52248	95000	-1.8310548e-08	291.1133	-0.04014696	-36.737656	22.792942	0.015335559	0.1492	33.0	3570.864457130432
19	-28.437838	29.536694	25.792122	-59.65966	154.29033	-4.8479958	14.070627	6.8701982	-59.566666	100000	-3.051758e-08	207.21263	-0.030063935	-26.289154	22.796637	0.0151840085	0.1382	16.0	3740.62678027153
20	-14.986232	28.88515	27.453907	-59.29862	206.16667	-2.0476193	11.272109	6.300096	-66.17325	105000	-2.4414062e-08	154.50325	-0.04096134	-13.765549	22.791084	0.015352357	0.1526	45.0	4078.7693779468536
21	-24.16889	31.289011	35.538494	-57.453976	165.7	-2.7573743	12.625698	6.7160897	-56.696316	110000	-3.8146972e-08	157.64586	-0.025288574	-21.555435	22.743639	0.017796936	0.1256	12.0	4248.353619813919
22	-35.104416	27.934925	6.2164345	-60.0628	133.58333	-6.2279577	16.07708	6.130674	-78.8479	115000	3.3569336e-08	130.07295	-0.03594563	-19.73948	22.736912	0.01510347	0.1342	23.0	4418.8714101314545
23	-20.149681	33.011787	35.055573	-58.986565	172.13792	-5.4209037	15.256555	4.035961	-71.07879	120000	-2.4414062e-08	230.3746	-0.048720233	-38.512985	22.712486	0.013582925	0.1898	79.0	4588.654340982437
24	-15.052377	28.838306	28.012592	-57.996788	219.72728	-1.0369309	10.486975	7.3256555	-66.99175	125000	-4.2724608e-08	111.770676	-0.04982755	-13.919662	22.746569	0.0141306715	0.1892	79.0	4757.696653842926
25	-23.557077	29.981003	29.70636	-60.04279	179.62962	-1.9315504	11.820445	6.7750287	-63.825127	130000	2.2888184e-08	133.89293	-0.033931553	-18.029182	22.689007	0.015321738	0.1436	24.0	5099.000174283981
26	-24.578764	29.948175	28.391949	-59.02215	172.31035	-4.3181143	13.617446	5.78504	-69.2894	135000	3.6621095e-08	158.54329	-0.044169616	-18.909912	22.69824	0.01548269	0.1766	33.0	5268.756151914597
27	-20.65817	31.646255	33.15277	-58.54403	186.65384	-4.000215	13.935106	6.2740912	-84.7074	140000	0.0	140.4207	-0.038022127	-16.287453	22.695347	0.015856095	0.1724	29.0	5438.025258779526
28	-12.525569	34.066322	33.931328	-59.395638	184.92592	-1.6698172	10.221342	6.7377687	-53.64775	145000	1.2207031e-08	222.0319	-0.036210287	-27.356186	22.672672	0.015361891	0.163	43.0	5607.625732898712
29	-20.713392	31.228579	36.362938	-58.66617	171.75862	-1.422594	11.920521	10.433939	-74.585754	150000	7.019043e-08	171.6567	-0.043306973	-21.235245	22.669218	0.015157453	0.188	46.0	5777.674301624298
30	-25.006649	30.21265	33.190453	-61.63952	164.68965	-2.1270962	12.064582	9.291883	-82.580864	155000	-4.8828124e-08	131.22658	-0.051389888	-16.766167	22.640112	0.015256892	0.1848	73.0	6124.349658966064
31	-17.374584	32.73101	37.14176	-59.18444	181.14815	-0.4376375	10.776049	8.307426	-61.228123	160000	2.1362304e-08	113.65055	-0.028846413	-9.481262	22.588661	0.015333856	0.1776	19.0	6293.766560316086
32	-17.992575	34.6306	31.629913	-59.41823	164.41379	-1.4520471	12.034179	9.724887	-79.32066	165000	-6.713867e-08	254.66898	-0.028805835	-27.912003	22.622084	0.014652486	0.1388	18.0	6463.567821979523
33	-25.56316	33.52248	34.205997	-60.818874	152.9375	-3.2872353	14.587104	9.914355	-79.079544	170000	-2.4414062e-08	187.24352	-0.038512144	-28.310135	22.636787	0.015162998	0.1398	36.0	6633.708132743835
34	-13.480442	31.7234	33.55875	-56.631535	205.13043	-0.46751484	12.662846	11.501895	-71.76593	175000	-1.6784668e-08	142.87752	-0.038435217	-16.419006	22.604393	0.015189998	0.1396	56.0	6802.6479461193085
35	-22.121908	32.732876	36.063374	-61.592525	172.60715	-1.8438553	13.48147	11.331931	-67.417595	180000	3.0517577e-09	212.50336	-0.035700876	-25.807632	22.62476	0.015589506	0.1436	28.0	7133.03675866127
36	-18.270248	30.656437	31.894299	-58.288067	192.32	-0.21105742	12.248839	13.326121	-81.69762	185000	0.0	141.23154	-0.04817215	-20.616913	22.581816	0.013610345	0.1836	79.0	7302.952675580978
37	-22.351795	33.701336	30.681915	-59.11094	159.46666	-0.1158792	12.019019	13.438607	-69.80043	190000	3.3569336e-08	163.35493	-0.024155935	-23.662811	22.576027	0.016372845	0.1262	12.0	7472.827588558197
38	-25.85706	31.338257	28.978817	-58.785492	155.21875	-3.1914585	16.983578	13.935689	-80.57641	195000	-3.967285e-08	111.343834	-0.029995993	-20.182892	22.591879	0.015886068	0.1308	17.0	7643.046283245087
39	-22.822834	33.834347	33.413322	-58.952316	153.53125	-2.593998	14.808659	12.835379	-99.30136	200000	-2.4414062e-08	177.32486	-0.02529769	-22.467651	22.598946	0.017494045	0.165	13.0	7810.904679059982
40	-25.90777	32.27605	35.870255	-57.243305	147.57576	-4.4784927	18.01754	13.276617	-100.34957	205000	2.746582e-08	184.63628	-0.05015132	-37.688187	22.577969	0.015409873	0.1948	52.0	8147.838917016983
41	-3.5546584	30.995712	34.41963	-61.793903	223.68182	1.6532336	9.060867	13.561315	-72.251076	210000	6.1035155e-09	205.00415	-0.025763122	-16.986908	22.536592	0.016679354	0.1392	17.0	8314.090614557266
42	-18.487621	32.85849	27.78768	-58.449093	184.34616	1.1072093	12.4476185	17.902006	-64.82492	215000	3.6621095e-08	177.70837	-0.024460822	-22.128784	22.528019	0.015253426	0.124	16.0	8480.406316518784
43	-27.772028	31.766855	33.211567	-58.992405	142.61765	-1.8979969	16.092749	16.179083	-71.36052	220000	6.1035155e-09	142.80385	-0.03066225	-19.291046	22.529984	0.01570654	0.1316	20.0	8647.034300804138
44	-11.81787	30.749535	31.679111	-56.339363	199.0	1.7288274	9.981318	14.03761	-82.20802	225000	0.0	149.7947	-0.03512898	-13.843414	22.570175	0.015571267	0.1534	44.0	8812.728081941605
45	-30.100363	33.128197	35.14137	-59.93701	119.39024	-2.1153052	14.894488	17.403479	-73.36545	230000	-3.6621095e-08	296.73065	-0.026826134	-78.4037	22.506697	0.0152865825	0.1468	15.0	9128.723813295364
46	-23.728874	32.930103	32.689648	-59.50826	155.16129	-3.2873914	17.31774	14.356236	-82.602	235000	-6.1035155e-09	189.00583	-0.03520996	-33.153473	22.539392	0.01557229	0.1522	31.0	9295.533391475677
47	-18.458351	31.703114	35.95413	-61.23157	195.16	-2.1209161	15.947706	17.860647	-93.09254	240000	7.93457e-08	208.54697	-0.045827277	-40.668716	22.547682	0.01569228	0.1724	46.0	9461.430125951767
48	-23.873398	34.021706	29.143003	-61.756195	151.46875	-2.247832	15.761826	19.24169	-84.05014	245000	-2.4414062e-08	227.99257	-0.030874629	-31.299576	22.525785	0.015514061	0.133	19.0	9627.965965270996
49	-20.471052	34.037445	32.63848	-58.250027	164.24138	-1.3156941	15.435744	18.190779	-86.11361	250000	6.1035155e-09	212.9555	-0.04598586	-34.319916	22.46107	0.015415595	0.1784	58.0	9794.224482297897
50	-17.856476	34.15083	34.551632	-59.161118	176.42857	0.1679406	13.008749	19.558836	-74.56505	255000	1.2207031e-08	195.67253	-0.040363573	-40.65126	22.472687	0.015685827	0.163	41.0	10110.659788131714
51	-13.415325	33.157234	32.53089	-57.328407	180.18518	0.9559757	13.106673	17.911783	-72.67509	260000	-7.324219e-08	151.59383	-0.041610774	-21.938782	22.469929	0.0152746765	0.1708	69.0	10276.565742015839
52	-21.578022	30.495981	28.383411	-60.13232	191.48	-0.97880673	16.251139	25.432575	-80.37676	265000	-1.8310548e-08	126.4042	-0.040586583	-25.21035	22.477226	0.015379245	0.163	40.0	10441.027726650238
53	-17.606092	36.591805	33.770782	-61.03513	160.73334	-1.4355174	15.69475	15.438623	-86.452415	270000	-2.746582e-08	224.24995	-0.031155767	-31.48111	22.420229	0.015451805	0.1428	30.0	10606.854722976685
54	-9.876006	32.41289	33.014168	-61.79743	207.91304	2.3541718	12.240274	19.33492	-98.677124	275000	7.019043e-08	179.03828	-0.04406829	-20.136383	22.41545	0.015293668	0.1746	71.0	10772.607303380966
55	-12.365608	34.44608	33.514084	-59.476578	197.12	2.6576636	10.885566	18.035267	-84.98754	280000	-2.4414062e-08	224.2917	-0.02476818	-25.258606	22.445911	0.015637081	0.1282	18.0	11110.720650672913
56	-31.775246	29.207249	30.0925	-61.006256	129.89189	-0.20119375	15.553377	21.081282	-65.17951	285000	3.8146972e-08	132.06163	-0.024569856	-31.420364	22.382763	0.017134003	0.1334	12.0	11277.936532497406
57	-3.122347	29.893505	36.00275	-55.51705	227.0	0.742811	11.422795	15.668042	-74.321556	290000	-1.2207031e-08	199.47588	-0.041111965	-50.901657	22.426672	0.0061766854	0.1616	79.0	11443.66839838028
58	-23.827986	33.528137	31.838905	-58.40328	156.06451	1.4883027	12.580209	18.79195	-79.18727	295000	-5.9509276e-08	191.19757	-0.026574645	-48.23976	22.394207	0.01566754	0.133	14.0	11609.974750757217
59	-17.769747	28.35393	8.429052	-58.372013	201.79167	1.9125086	10.330984	16.588594	-57.378735	300000	3.6621095e-08	92.19717	-0.026314313	-28.044899	22.412197	0.015782002	0.1338	14.0	11775.979097127914
60	-26.97322	34.63476	33.085243	-64.18464	142.25714	-3.842831	16.82348	14.052859	-129.84407	305000	1.2207031e-08	195.09358	-0.040975623	-40.16446	22.415274	0.015489249	0.1694	33.0	12111.272765398026
61	-29.359993	33.6259	34.58711	-60.61086	137.62857	-7.341903	21.314192	12.6637745	-101.57517	310000	9.155274e-09	228.05153	-0.04292982	-42.373306	22.36515	0.015900845	0.1842	32.0	12279.066635131836
62	-13.611129	35.84218	34.405155	-65.037315	183.57692	-0.76007485	14.121521	19.641224	-81.2991	315000	-3.3569336e-08	219.3558	-0.023330238	-46.554535	22.344023	0.01639628	0.1318	14.0	12448.70961523056
63	-21.501682	34.18095	30.278847	-59.48445	167.10345	0.11952422	15.722457	19.265654	-99.419876	320000	-4.8828124e-08	159.9165	-0.03357301	-25.218735	22.358774	0.015460794	0.1432	27.0	12618.710231304169
64	-22.938663	35.96168	34.827507	-60.724663	131.43243	-2.3530846	17.606537	14.327329	-88.82241	325000	-1.8310548e-08	208.63992	-0.03771626	-32.303513	22.364279	0.01559659	0.1674	30.0	12789.80022263527
65	-21.136795	32.79991	33.65857	-59.20816	165.34483	1.8601953	14.08208	20.425087	-74.204895	330000	-3.051758e-08	128.89638	-0.042828094	-11.264114	22.382153	0.015148629	0.1702	74.0	13107.621141910553
66	-21.37481	35.074413	31.183065	-60.664585	159.70967	-0.5416706	16.18394	16.032524	-92.793304	335000	-1.2207031e-08	196.37343	-0.029368944	-28.756989	22.355879	0.01563623	0.1392	21.0	13277.950353384018
67	-22.970442	34.202538	35.199055	-57.59239	157.0	-0.9231922	16.567263	16.045061	-85.909065	340000	-2.4414062e-08	196.38152	-0.03542568	-10.534119	22.321144	0.015669322	0.1384	32.0	13448.327592611313
68	-16.502502	36.318317	36.367237	-61.88316	163.13792	1.6093687	13.599077	19.995123	-77.727135	345000	3.6621095e-08	251.5674	-0.025939845	-43.429398	22.32126	0.016293222	0.1208	13.0	13618.299738168716
69	-18.119799	32.53237	32.67326	-62.066628	185.61539	2.3535967	13.345027	20.510468	-78.16339	350000	-1.8310548e-08	191.3548	-0.018072907	-36.7614	22.303337	0.016738264	0.108	8.0	13787.56394791603
70	-25.864761	33.56113	34.452785	-67.99662	154.3871	-1.049078	16.538021	17.179913	-78.5952	355000	1.2207031e-08	257.15756	-0.033390515	-74.05321	22.299328	0.016133558	0.1714	23.0	14121.578800201416
71	-26.044022	33.88555	37.28135	-60.47053	146.70589	-3.5623527	18.210358	13.656699	-92.780655	360000	2.4414062e-08	201.7682	-0.018286016	-22.421448	22.312185	0.017649569	0.1528	10.0	14292.499348402023
72	-22.058723	34.60839	35.777008	-62.79493	162.13333	-3.8097374	18.878157	11.281913	-77.47638	365000	2.4414062e-08	204.02917	-0.030555572	-21.7697	22.308044	0.015579728	0.1356	26.0	14463.200390815735
73	-31.498287	29.629639	28.408306	-60.040653	130.48648	-4.7998433	21.368109	13.670072	-101.60665	370000	3.6621095e-08	138.7001	-0.04757462	-35.487717	22.332575	0.014931471	0.1812	71.0	14634.391393661499
74	-16.333681	33.071793	34.134583	-59.23362	177.25926	-0.6294006	14.434526	12.9441	-80.15303	375000	0.0	176.68958	-0.045861445	-25.525833	22.287106	0.015232633	0.1836	77.0	14804.771378278732
75	-24.42266	35.07253	33.96294	-60.432564	144.24243	-1.3332736	14.57043	13.921266	-83.93972	380000	6.1035155e-09	268.92865	-0.02511109	-37.097305	22.288847	0.015551249	0.1588	13.0	15143.995918035507
76	-12.667053	37.64513	35.61798	-60.8517	165.03448	1.6336704	12.242589	15.119613	-85.675865	385000	1.2207031e-08	249.1159	-0.023313465	-32.691254	22.264528	0.015884886	0.1076	15.0	15314.514756917953
77	-19.914518	33.694492	33.109375	-61.176014	178.40741	0.13935348	16.658737	18.447224	-82.93191	390000	3.051758e-08	200.86777	-0.040534925	-35.40396	22.236624	0.015409512	0.1644	35.0	15484.799890995026
78	-17.869661	36.214134	34.878273	-61.98141	168.03448	1.2678443	14.689597	19.762785	-100.125656	395000	4.2724608e-08	261.15402	-0.032687295	-36.893692	22.236378	0.015566355	0.1484	24.0	15655.284789323807
79	-20.847578	34.090355	35.031776	-58.82778	159.45161	0.8739216	16.4468	18.955729	-81.04598	400000	6.1035155e-09	170.8777	-0.028857226	-27.206879	22.199429	0.015729195	0.1354	20.0	15825.992219209671
80	-25.348719	33.682877	31.85079	-59.853416	154.09375	-0.030290674	16.598623	19.23622	-85.24059	405000	-4.8828124e-08	228.4863	-0.023086108	-61.336624	22.227747	0.017286073	0.1234	10.0	16158.549104452133
81	-23.486216	36.03229	37.0394	-58.990635	136.25	-3.6568258	20.241444	14.875967	-132.81126	410000	1.2207031e-08	266.20886	-0.032140363	-78.93553	22.25814	0.015325451	0.1486	26.0	16327.545215845108
82	-25.152897	34.31798	33.80801	-58.102272	152.64516	1.4848795	14.907881	19.79944	-76.09096	415000	9.155274e-09	228.66895	-0.03458272	-36.16635	22.250946	0.01534151	0.1504	29.0	16495.91807460785
83	-27.409302	32.733696	36.761845	-57.043007	130.66667	-1.2889752	18.175764	16.554619	-90.817986	420000	-3.6621095e-08	167.0689	-0.03809001	-21.217148	22.247911	0.015089195	0.164	37.0	16665.04397368431
84	-13.103627	36.06122	34.57249	-58.312737	176.78572	1.9720471	12.561019	16.12496	-54.342102	425000	0.0	206.9749	-0.03675725	-27.571335	22.229055	0.015226003	0.1612	33.0	16832.805311203003
85	-10.716065	33.300934	34.457436	-58.24606	190.46153	3.6470945	11.37135	18.586445	-76.9217	430000	6.1035155e-09	158.21202	-0.035635512	-19.272644	22.211157	0.015364982	0.133	48.0	17154.85419845581
86	-13.169913	32.515	31.600018	-61.18297	197.56	1.9090898	14.231172	19.340263	-78.28245	435000	0.0	192.93147	-0.03512795	-38.42337	22.203169	0.015555884	0.1434	34.0	17322.33483839035
87	-15.704509	37.816193	35.6437	-60.295055	165.82759	2.1554725	13.145287	19.055916	-66.21871	440000	1.2207031e-08	239.00508	-0.025865253	-33.59221	22.203928	0.016471496	0.1284	15.0	17490.781650543213
88	-24.107975	30.71296	30.921669	-58.42456	161.26666	2.8927968	16.670538	19.099392	-80.868095	445000	3.8146972e-08	87.46457	-0.04611554	-22.52732	22.21809	0.014334407	0.1838	79.0	17659.12336397171
89	-24.848267	33.33193	35.75937	-59.458847	149.57576	0.0031852538	16.137285	16.858097	-94.10075	450000	-6.103516e-08	166.49988	-0.031693585	-19.84018	22.160934	0.016382104	0.1512	20.0	17827.79043984413
90	-14.033575	37.79654	38.838165	-59.89304	160.6	1.7880477	13.653623	20.889462	-70.45431	455000	3.6621095e-08	262.7214	-0.033905346	-35.018402	22.175844	0.01528454	0.1472	31.0	18145.582647562027
91	-26.422169	36.420017	35.006454	-61.24349	124.13158	-1.4965413	20.266834	22.252165	-100.929535	460000	-1.8310548e-08	260.11508	-0.039959278	-37.69435	22.166035	0.015186873	0.162	31.0	18315.012465000153
92	-22.480684	35.31073	34.07891	-57.514034	144.08824	2.1257203	17.466314	25.969711	-83.44611	465000	2.4414062e-08	159.6424	-0.024908086	-13.089462	22.137894	0.015669264	0.1214	18.0	18483.889858961105
93	-21.115253	34.029736	34.86566	-60.742176	160.7742	2.6917531	14.897101	21.505074	-104.55879	470000	-7.93457e-08	198.2591	-0.025431786	-27.659805	22.133991	0.017014032	0.1526	14.0	18652.50386071205
94	-25.886915	33.91264	36.217026	-60.831387	138.80556	-2.3277981	21.020298	18.024113	-96.567825	475000	1.8310548e-08	166.71176	-0.05102681	-29.382172	22.12985	0.012864754	0.202	79.0	18821.747244358063
95	-26.018229	37.632782	37.040474	-60.44287	126.73684	-1.9526737	18.19233	19.024988	-88.38447	480000	-2.4414062e-08	264.45596	-0.02362908	-35.45523	22.084131	0.016088208	0.1238	11.0	19124.33586525917
96	-25.105425	34.374825	31.822523	-59.499905	154.25807	-0.455354	17.285603	16.431044	-82.27371	485000	-6.1035155e-09	278.6876	-0.030263392	-42.503998	22.111292	0.016495388	0.1348	15.0	19292.511569023132
97	-20.835094	34.18284	33.96101	-59.812523	164.65517	0.69823444	16.973387	20.493362	-90.82969	490000	-1.8310548e-08	179.06891	-0.034461938	-26.86673	22.123116	0.015573377	0.1374	30.0	19460.688541173935
98	-24.563883	35.97022	34.343777	-62.104877	134.7027	-1.6513659	19.12266	20.025406	-97.631645	495000	-1.2207031e-08	238.78693	-0.028568273	-34.206085	22.105646	0.01640516	0.1556	16.0	19629.852893829346
99	-21.004543	35.669495	38.434532	-60.36958	147.75757	1.4767596	15.961041	21.115799	-72.497856	500000	0.0	208.02412	-0.03327643	-19.482025	22.103779	0.015464821	0.1386	28.0	19798.569611549377
100	-13.788523	32.137157	33.394886	-59.226727	190.48	4.348688	12.181725	20.53177	-70.68883	505000	6.1035155e-09	151.83119	-0.042307038	-24.61702	22.101791	0.014304094	0.167	79.0	20110.389511823654
101	-24.312109	31.788404	32.41146	-58.617313	159.87097	-0.60800844	17.061031	19.642618	-79.3166	510000	0.0	147.44217	-0.03419697	-24.504997	22.063824	0.015598114	0.1448	31.0	20279.05608844757
102	-25.37224	35.008415	32.971428	-64.579285	145.26471	-3.009184	17.488956	19.036625	-89.009995	515000	-6.103516e-08	285.37314	-0.026622547	-50.72174	22.04483	0.016250644	0.1346	13.0	20447.839740037918
103	-24.28989	39.118504	36.675327	-59.89354	135.52777	-4.9741774	20.144516	17.554348	-86.45824	520000	-3.3569336e-08	428.46945	-0.02229264	-59.42804	22.088724	0.018598106	0.1612	8.0	20617.1991918087
104	-13.963711	31.696941	32.94794	-57.67662	197.88	2.3368044	15.559516	22.161867	-68.80717	525000	4.2724608e-08	184.1668	-0.043846566	-37.174164	22.065624	0.01519246	0.1656	47.0	20785.033855438232
105	-16.382183	34.13772	35.468376	-56.22496	171.21428	2.1673262	13.380465	22.241632	-78.772934	530000	-1.8310548e-08	175.20088	-0.033933014	-21.846664	22.04337	0.016288925	0.1456	25.0	21110.103667259216
106	-16.942976	36.119286	37.014107	-58.613422	158.6	3.4949276	13.064844	21.208088	-68.96494	535000	-1.2207031e-08	184.9201	-0.028298546	-20.17273	22.021973	0.015216077	0.1256	25.0	21278.405316352844
107	-25.9231	33.851944	34.633617	-58.11528	131.0	2.3431976	15.43001	18.96243	-78.87939	540000	4.8828124e-08	175.23247	-0.019373719	-38.287872	22.037094	0.018491657	0.1176	9.0	21447.672204732895
108	-12.586076	33.38463	35.116898	-59.243263	194.48	2.6272104	14.40944	18.05156	-86.139206	545000	4.8828124e-08	147.88795	-0.03774512	-24.352165	21.99398	0.015048434	0.1568	37.0	21615.326828718185
109	-20.788258	36.368423	35.406685	-59.555965	142.4	-0.80124277	18.751377	23.279348	-108.33901	550000	1.8310548e-08	200.96103	-0.041862324	-17.428833	22.00399	0.015379622	0.1614	45.0	21784.026434659958
110	-14.0894165	31.980005	33.226906	-58.32024	199.24	4.036007	10.22309	25.470463	-60.622963	555000	-1.2207032e-07	220.18115	-0.025058543	-78.27768	22.02825	0.015691172	0.1082	14.0	22109.013890504837
111	-18.998186	36.91556	38.42494	-61.99625	150.45454	-1.7523793	19.63366	17.350054	-92.737144	560000	-5.493164e-08	199.30519	-0.034060396	-27.623047	22.018585	0.01592211	0.1658	31.0	22278.077174425125
112	-11.7923155	35.04337	34.333862	-59.174168	181.92592	1.8428148	13.987225	19.92551	-76.57894	565000	-3.6621095e-08	185.3734	-0.044254612	-27.963242	22.018438	0.015238469	0.175	70.0	22446.077667713165
113	-14.473366	38.768272	35.560066	-58.46641	146.32353	2.1462543	15.188859	22.828987	-78.055565	570000	-3.6621095e-08	209.4886	-0.021182213	-31.198273	21.993147	0.019716082	0.1234	10.0	22614.725209474564
114	-23.45895	35.898964	36.166187	-62.942833	147.0	1.8806572	17.115099	21.27474	-80.85109	575000	-6.1035155e-09	246.7606	-0.02286038	-63.26506	22.0296	0.014978972	0.1382	12.0	22783.179905653
115	-17.474827	36.43426	36.304058	-59.26588	162.3	1.9343668	17.812838	22.739597	-104.81491	580000	1.8310548e-08	205.21545	-0.03737823	-34.42163	21.989857	0.015321483	0.1448	40.0	23111.2899081707
116	-11.896903	35.66464	34.359783	-57.806915	177.39285	1.9147472	15.944839	22.830334	-84.28372	585000	0.0	207.16519	-0.044678487	-38.383972	21.985378	0.0149614895	0.1716	79.0	23279.69542169571
117	-18.554518	33.705578	31.887762	-62.458305	177.2963	2.6959887	15.897784	26.100918	-81.34897	590000	3.3569336e-08	230.93245	-0.034887664	-36.10814	21.945717	0.015860008	0.153	26.0	23447.247313022614
118	-19.537144	38.75975	33.738243	-59.17884	149.36363	1.0634034	16.600885	25.690979	-73.89814	595000	1.2207031e-08	248.3777	-0.018823378	-35.428802	21.989113	0.017327448	0.1272	9.0	23616.017460346222
119	-11.610022	38.231815	35.622433	-59.030163	159.96774	3.4974992	18.326283	27.608852	-91.519135	600000	-1.2207031e-08	193.83867	-0.031749036	-23.994263	22.001858	0.017111694	0.1658	20.0	23784.751934051514
120	-14.046807	34.578484	32.179523	-58.731323	187.0	6.2025814	13.683075	27.48189	-72.54312	605000	3.6621095e-08	203.545	-0.031245649	-43.952805	22.02316	0.016152704	0.1422	20.0	24121.41979408264
121	-18.87601	37.268265	36.08892	-58.37038	152.34375	1.2616379	19.68676	21.927753	-102.58183	610000	-4.5776368e-08	222.899	-0.040313195	-24.160568	21.981642	0.015445575	0.1576	46.0	24290.0213534832
122	-8.6664095	38.897152	37.533207	-57.833347	168.28572	3.6853406	16.256132	27.879576	-91.60417	615000	-7.781983e-08	252.50626	-0.02115194	-39.445007	21.966578	0.018989975	0.1642	11.0	24458.023292064667
123	-18.107172	36.555992	38.55291	-57.85601	149.0	5.3512096	17.62635	26.158709	-88.38166	620000	-4.5776368e-08	220.25716	-0.032181576	-27.775467	21.930182	0.01583231	0.156	20.0	24626.81535077095
124	-3.4645104	26.592005	33.000736	-58.876884	237.75	8.352888	9.241749	20.888851	-64.72025	625000	9.765625e-08	136.50664	-0.0292497	-27.287453	21.930544	0.015195247	0.1298	40.0	24793.728988170624
125	-16.704433	34.529728	31.915916	-59.717506	177.07143	3.0139785	15.727084	23.834736	-80.978424	630000	9.4604495e-08	190.25008	-0.03724663	-29.964035	21.935429	0.015194093	0.1464	40.0	25132.051215171814
126	-11.071497	35.378326	33.802074	-58.514523	174.77777	4.0076027	14.15946	20.259657	-89.55442	635000	3.6621095e-08	138.51921	-0.036516003	-5.561493	21.9404	0.015699273	0.1694	35.0	25299.769290447235
127	-14.22082	35.974266	37.28836	-60.989834	179.37038	3.3950949	14.200851	23.29671	-79.715645	640000	5.493164e-08	207.30257	-0.021669963	-24.953491	21.934278	0.016832188	0.133	11.0	25467.633942127228
128	-2.6509259	36.231224	36.125595	-59.746	203.41667	5.5063844	11.39878	26.23033	-67.56842	645000	6.1035155e-09	183.87325	-0.023165347	-21.607391	21.898977	0.01659909	0.1352	16.0	25634.722521305084
129	-13.372346	38.594147	34.510605	-57.472042	150.63637	3.022226	17.773836	23.76831	-82.356674	650000	-1.8310548e-08	234.2544	-0.019343464	-58.416046	21.895166	0.016306061	0.1326	13.0	25803.373122930527
130	-15.953343	37.869347	34.41212	-60.511745	156.1875	5.5704145	15.503198	27.694061	-67.83672	655000	-3.8146972e-08	377.60654	-0.030003231	-107.420715	21.874119	0.016524691	0.1392	18.0	26134.14946961403
131	7.31466	31.21816	36.290955	-59.068127	216.47826	7.3703537	11.109914	27.016016	-60.74779	660000	4.8828124e-08	223.95	-0.043289825	-51.07965	21.840502	0.015144523	0.18	75.0	26301.758157253265
132	-13.717925	35.248833	34.315727	-57.89081	170.89655	7.967389	13.446878	26.067648	-74.55922	665000	-3.6621095e-08	191.99911	-0.022395702	-24.487015	21.889519	0.0150741665	0.1222	13.0	26469.86971592903
133	-2.6892273	36.29736	38.01056	-60.16717	202.41667	7.592189	11.86182	28.627794	-75.4526	670000	-6.1035155e-09	239.08223	-0.03285161	-20.125748	21.8949	0.0148587	0.1214	31.0	26637.46619129181
134	-11.890472	36.82953	37.1079	-61.066135	170.25	5.261294	17.337511	26.783062	-95.108536	675000	6.1035155e-09	163.02417	-0.032810695	-18.493881	21.914537	0.015665907	0.1462	32.0	26805.867645978928
135	-5.857478	34.833862	39.21703	-58.238857	185.15384	6.6777406	13.267307	27.144989	-91.37937	680000	3.6621095e-08	213.11765	-0.04100368	-29.254715	21.8783	0.015329552	0.1666	49.0	27122.29070830345
136	-16.196129	39.626465	36.12317	-59.50704	151.125	4.100018	16.74886	25.03913	-83.63398	685000	-4.8828124e-08	285.62323	-0.025069918	-59.599655	21.880035	0.016356241	0.1158	12.0	27290.862155675888
137	-15.798714	37.947186	34.108448	-59.139866	149.90625	5.5356226	16.083578	27.9716	-76.392136	690000	4.8828124e-08	246.79338	-0.024642462	-47.918488	21.880466	0.017069263	0.1434	11.0	27459.200595617294
138	-19.51032	35.650963	32.962776	-60.047215	159.0	4.181709	19.386282	24.88817	-99.5143	695000	2.4414062e-08	177.91615	-0.03767602	-19.487	21.872572	0.015114289	0.1554	38.0	27627.93146920204
139	-2.4389117	35.773617	37.931625	-56.836525	184.96297	6.67042	13.42168	23.137959	-78.673256	700000	3.6621095e-08	211.3221	-0.044886965	-29.49028	21.916197	0.008591291	0.195	79.0	27795.85811328888
140	-18.980188	37.01264	38.044693	-59.422894	153.9375	7.090978	12.628725	25.362198	-65.603645	705000	3.051758e-08	264.66754	-0.023163177	-81.220184	21.85225	0.016537584	0.1144	12.0	28100.130143642426
141	-21.029467	39.383858	39.51078	-58.313503	124.17949	-0.38893774	22.37155	21.35422	-89.0924	710000	6.1035155e-09	257.76645	-0.023081155	-41.189453	21.87773	0.017911552	0.142	11.0	28269.393614530563
142	-6.0755386	37.444466	36.330875	-58.457752	184.65384	7.07201	15.8345995	23.987856	-75.566635	715000	1.8310548e-08	180.75812	-0.043236785	-26.072037	21.820644	0.0140013825	0.1914	79.0	28437.561239242554
143	-17.237207	37.654694	34.229103	-59.6225	148.18182	5.96849	19.357609	25.783398	-83.83563	720000	-6.1035155e-09	206.1301	-0.045447703	-25.830933	21.802013	0.015153858	0.1908	54.0	28606.834649801254
144	-15.779489	37.01643	31.885262	-57.191563	165.89655	5.2183323	18.600595	27.09604	-83.72375	725000	5.1879884e-08	259.6397	-0.046318308	-62.112503	21.803417	0.015043907	0.1852	43.0	28775.166704416275
145	-21.271563	39.407543	35.53491	-59.33489	128.36842	6.0086474	16.114145	27.990446	-65.541664	730000	5.493164e-08	315.78986	-0.023822848	-78.30075	21.788956	0.01822243	0.1286	9.0	29096.564603090286
146	-22.550722	36.672768	40.177944	-60.022972	137.28572	5.9403124	15.685836	28.316574	-70.29943	735000	0.0	347.6176	-0.04281543	-99.29506	21.79827	0.015307715	0.1744	31.0	29265.438432455063
147	-4.551105	30.695814	34.719013	-58.831394	225.68182	5.424053	14.893199	22.279537	-85.51763	740000	-6.713867e-08	168.81993	-0.042355806	-31.101074	21.807507	0.015436232	0.1748	52.0	29432.567435503006
148	-22.485851	36.53965	32.09844	-59.751114	143.14706	-0.49649853	20.117922	19.926214	-87.36708	745000	3.2043456e-08	230.6668	-0.044534244	-26.716461	21.764704	0.015813196	0.1788	33.0	29601.208327770233
149	2.3377752	35.548584	34.68021	-59.82654	204.41667	4.3848686	13.840004	20.995579	-84.87255	750000	3.6621095e-08	288.6099	-0.049581263	-70.04512	21.773504	0.015485563	0.1968	75.0	29768.949725866318
150	-22.117865	38.64995	37.113373	-57.644775	123.333336	5.0885572	18.016607	27.237862	-81.241165	755000	-3.6621095e-08	293.8142	-0.024431242	-50.36931	21.758135	0.016191874	0.1334	10.0	30094.077107667923
151	-25.810936	36.40783	33.891495	-59.470936	116.243904	1.6112807	21.4389	23.910788	-96.904816	760000	-7.019043e-08	209.98372	-0.038955227	-24.157776	21.773872	0.015261896	0.1598	35.0	30263.775102853775
152	-11.217886	36.919388	34.09102	-58.64026	183.11539	5.1492395	15.578492	28.171453	-67.79623	765000	1.2207031e-08	218.30965	-0.027812345	-25.934525	21.758102	0.015394061	0.1466	16.0	30431.410731077194
153	-11.228478	37.01115	36.419163	-65.08445	174.25	4.7116203	16.538832	23.392128	-79.42071	770000	3.6621095e-08	294.99512	-0.036362983	-43.326797	21.743132	0.0155143095	0.1756	31.0	30599.24893760681
154	-5.8105664	35.910324	35.815308	-58.30293	185.18518	6.926244	12.823198	23.78823	-72.4308	775000	0.0	233.56235	-0.04158088	-38.50972	21.72335	0.014971498	0.1562	56.0	30767.019409418106
155	-9.135	38.495205	33.733124	-58.51754	171.03572	5.9079614	14.407635	26.734365	-62.006195	780000	-3.6621095e-08	241.83302	-0.02923206	-48.852524	21.725365	0.016212704	0.1394	16.0	31042.71205830574
156	-18.084965	38.693047	37.015297	-63.05035	138.97144	6.1171274	18.872824	33.107655	-96.32359	785000	4.4250488e-08	260.18036	-0.031222371	-78.901474	21.718548	0.016363384	0.1472	19.0	31211.73137640953
157	-21.882345	39.453754	35.64708	-58.689457	125.51282	1.6045849	23.327415	26.002417	-105.5298	790000	1.8310548e-08	261.12024	-0.02930512	-44.371964	21.745363	0.016370736	0.174	15.0	31381.21258687973
158	-3.4878256	38.736454	39.508137	-59.89136	169.55173	8.263852	15.676785	29.13519	-69.82662	795000	-3.051758e-08	240.4382	-0.04457554	-46.673004	21.715916	0.014825101	0.1948	63.0	31549.59890937805
159	-5.038645	39.555885	34.511143	-57.426437	166.33333	11.267784	13.993523	30.029655	-80.79778	800000	3.0517577e-09	205.87393	-0.027323613	-39.91667	21.708704	0.01697196	0.1334	15.0	31717.67768549919
160	-16.76707	38.387955	37.630295	-59.847294	155.40625	8.720812	18.526165	32.29995	-78.380615	805000	3.051758e-08	312.8241	-0.023634097	-88.1868	21.713972	0.015750527	0.1256	10.0	32013.805246829987
161	-9.894998	37.99224	36.192516	-59.21919	175.07143	4.913132	20.027287	26.611153	-80.67108	810000	-1.2207031e-08	254.78003	-0.04401211	-50.011337	21.72568	0.015286934	0.195	47.0	32181.74246096611
162	-16.642242	35.540096	34.539097	-58.335896	163.93103	8.840634	16.028145	26.515429	-97.95928	815000	2.4414062e-08	259.25864	-0.023095679	-78.151886	21.68046	0.016218595	0.143	13.0	32349.825398683548
163	-12.573717	35.81687	38.050755	-57.278744	175.75	5.5975766	15.412064	23.31205	-85.585434	820000	2.746582e-08	210.4782	-0.036874168	-28.410751	21.696825	0.015429208	0.1588	36.0	32517.702236413956
164	0.037954196	35.80688	35.595676	-57.456833	193.96	5.5541306	14.730893	21.4068	-95.09216	825000	3.6621095e-08	306.4042	-0.038355917	-101.95703	21.695412	0.015737344	0.1602	32.0	32684.883472442627
165	-9.328771	40.048786	34.06753	-62.178417	159.83871	6.9383845	14.83246	24.869854	-73.4999	830000	-1.8310548e-08	229.25365	-0.038083307	-33.158844	21.655172	0.015576054	0.1668	33.0	32977.814557790756
166	-18.265186	38.123814	36.979572	-58.87765	137.57143	8.469068	16.196772	28.92374	-71.22903	835000	1.5258789e-09	239.2889	-0.020244174	-39.36934	21.662212	0.019152334	0.1754	11.0	33146.9532597065
167	-21.814821	32.928566	30.383123	-59.664993	169.75	6.858955	17.350035	25.456028	-79.23028	840000	-5.1879884e-08	201.07607	-0.029054873	-60.831833	21.68875	0.016827777	0.161	18.0	33314.63478183746
168	-11.065677	39.689747	36.09989	-60.96609	144.73529	2.1354823	19.43289	22.263098	-81.3673	845000	-4.8828124e-08	234.7419	-0.037352942	-42.88504	21.67304	0.01529684	0.1776	30.0	33483.515141010284
169	-8.112134	35.745	36.286438	-58.243855	191.38461	6.5333405	12.5823555	24.720112	-57.959858	850000	-1.0681152e-08	252.04918	-0.024462825	-62.789383	21.65809	0.015385575	0.1438	12.0	33651.09916496277
170	-20.005768	37.875687	35.979713	-62.06539	141.8	3.3767364	18.575579	27.235525	-81.779976	855000	0.0	277.36993	-0.038321044	-37.977432	21.611427	0.015758434	0.1732	28.0	33938.59258747101
171	-4.320965	38.683735	37.259853	-58.718292	171.82759	7.026535	14.598757	25.748837	-74.75497	860000	-6.1035155e-09	237.97285	-0.04491051	-28.879395	21.593817	0.015173494	0.1888	52.0	34106.98570036888
172	-15.428957	39.403442	39.679813	-59.217823	141.8	6.4479218	16.692156	32.358494	-78.151825	865000	-5.645752e-08	324.22336	-0.021155212	-56.79767	21.6391	0.017739091	0.1224	7.0	34275.97850060463
173	-11.762266	37.563057	39.507988	-58.284443	168.75862	7.5579147	17.041542	31.789251	-74.307495	870000	-4.2724608e-08	215.8755	-0.030034235	-47.407333	21.584103	0.01456983	0.1492	21.0	34443.857041597366
174	-21.200867	38.58745	35.53971	-61.03117	128.89189	4.2847695	19.632956	27.63853	-99.540985	875000	-9.155274e-09	264.55185	-0.02474097	-57.6409	21.579504	0.01640661	0.1694	12.0	34613.04767990112
175	-3.1610243	37.811	37.731213	-59.44867	176.75	7.4006414	13.895087	24.410475	-76.78832	880000	-3.0517577e-09	227.69196	-0.018655859	-24.985825	21.605246	0.0153488	0.1048	9.0	34927.17297291756
176	-12.301072	40.258858	34.77571	-58.3794	150.33333	5.1655965	19.23958	29.188171	-99.57325	885000	-6.713867e-08	236.40405	-0.029331964	-38.278046	21.606995	0.016309656	0.1462	18.0	35096.01208806038
177	-20.784409	40.85061	36.278458	-61.019154	121.7	5.6729765	22.019363	35.08025	-91.55889	890000	-3.051758e-08	237.61397	-0.032522243	-36.62062	21.631197	0.015666489	0.1694	19.0	35265.61267662048
178	-14.302184	40.1668	36.562313	-59.65785	143.72728	9.116677	19.998106	34.058834	-81.77849	895000	3.6621095e-08	212.6946	-0.032817144	-26.967514	21.60566	0.015497626	0.1668	22.0	35434.69876384735
179	-15.019871	40.89638	36.283035	-60.358097	126.46154	6.3311534	21.342243	28.645239	-88.52995	900000	-6.103516e-08	194.59105	-0.027823256	-27.828735	21.610596	0.016085697	0.1558	19.0	35604.46355199814
180	3.4582977	34.431232	36.893898	-55.91741	191.92	9.760365	15.566324	32.627357	-85.78291	905000	1.2207031e-08	261.00848	-0.050438877	-77.77359	21.606215	0.010572748	0.2192	79.0	35920.36756968498
181	-10.693235	38.9742	36.018562	-59.829494	160.64516	12.175984	12.273634	29.023224	-63.874836	910000	6.1035155e-09	307.14798	-0.024264691	-92.89787	21.54949	0.016756652	0.1142	10.0	36088.82553434372
182	-17.2056	37.8322	35.595337	-58.23857	149.63637	4.7179885	21.256767	28.645067	-102.32624	915000	-1.373291e-08	246.73975	-0.021655293	-49.33278	21.570034	0.016959082	0.1468	12.0	36257.62147808075
183	-19.00826	39.47162	36.05141	-59.848354	139.14285	3.856339	20.468714	28.606398	-77.8116	920000	2.746582e-08	225.99695	-0.02256271	-33.24936	21.581955	0.01598819	0.115	9.0	36426.74625682831
184	-16.97256	36.984505	36.34959	-60.23323	155.625	6.547721	18.74956	32.006027	-81.10746	925000	-7.93457e-08	279.31415	-0.047165986	-48.81633	21.577765	0.015269464	0.1822	72.0	36595.32029390335
185	-14.478834	41.849728	39.07571	-59.620876	137.75	4.344328	18.969824	25.423126	-75.265434	930000	3.6621095e-08	256.70786	-0.031299658	-80.746704	21.551338	0.0151167875	0.1484	20.0	36905.4976336956
186	-5.835258	41.04492	34.4953	-57.870632	146.97058	11.449892	16.829765	30.975103	-71.341866	935000	3.6621095e-08	147.46954	-0.025607532	-31.82138	21.542809	0.017426325	0.1608	16.0	37074.36468625069
187	-10.960065	39.56585	35.1248	-56.5796	153.90625	12.536238	18.489565	36.035828	-69.25666	940000	-6.103516e-08	232.27362	-0.027106911	-44.92177	21.5441	0.01578928	0.1538	19.0	37242.95351743698
188	-12.323619	42.04157	38.58691	-59.041996	127.4359	9.359755	19.533014	35.32603	-71.396835	945000	6.1035155e-09	257.12994	-0.021781722	-53.54039	21.547888	0.018488541	0.1276	8.0	37412.47726607323
189	-22.74534	39.597584	34.02176	-65.7424	122.15	8.067675	22.723852	43.121967	-97.83181	950000	-7.324219e-08	308.95193	-0.020803498	-82.49924	21.553963	0.016844483	0.1456	8.0	37581.9465007782
190	-15.701993	34.70004	33.581905	-58.740314	172.24138	8.255126	18.965233	29.53694	-100.85148	955000	-1.4648438e-07	268.15778	-0.044070717	-61.778427	21.524857	0.015356537	0.1826	62.0	37860.179939985275
191	-9.652001	39.4851	34.16722	-62.465473	167.44827	5.6050572	15.892057	29.98298	-69.616875	960000	9.155274e-09	243.797	-0.040696125	-42.90399	21.502003	0.01526662	0.1728	42.0	38028.73248529434
192	-13.445774	37.465622	35.853294	-57.05053	146.94118	5.341651	19.561201	24.91193	-82.61871	965000	2.4414062e-08	196.47305	-0.051614944	-23.542923	21.526623	0.0136597855	0.2084	79.0	38197.833637714386
193	-16.762064	37.901485	36.37978	-57.693935	146.48485	4.060252	19.800125	24.893456	-90.36086	970000	-2.1362304e-08	258.2744	-0.032777883	-49.04178	21.505365	0.016400866	0.1586	23.0	38366.461107730865
194	-7.9131536	39.74614	36.29728	-58.2748	152.9375	5.88125	16.413563	27.918335	-63.812786	975000	1.2207031e-08	239.88127	-0.035561807	-44.435715	21.502579	0.015391706	0.1586	22.0	38535.235234737396
195	-11.815171	37.44067	35.39131	-56.248394	160.7742	9.478128	15.320414	29.8975	-78.62984	980000	3.0517577e-09	234.48477	-0.0317908	-28.9543	21.473589	0.016276306	0.1522	20.0	38812.897656202316
196	-5.610265	40.63068	39.053123	-60.88135	155.12903	9.128938	15.7827635	27.441126	-69.25642	985000	7.93457e-08	239.0244	-0.029509291	-38.876953	21.494812	0.015717126	0.1542	17.0	38981.764288663864
197	-4.3397007	43.276253	37.165607	-60.836082	149.875	10.625519	15.752855	37.42361	-96.118996	990000	-1.2207031e-08	278.9818	-0.02395578	-116.471985	21.506796	0.018467294	0.1276	10.0	39150.40946006775
198	-18.723967	37.90455	35.489437	-58.85178	146.32353	9.782657	20.151834	37.470367	-77.733406	995000	-4.8828124e-08	287.08813	-0.0273211	-58.95424	21.500147	0.015496442	0.139	15.0	39319.29324889183
199	-4.21989	36.32673	35.106365	-57.71947	178.0	11.514222	14.987833	34.292797	-78.92461	1000000	-2.1362304e-08	207.02097	-0.044716634	-30.24141	21.47435	0.015293963	0.1818	64.0	39487.571667432785
200	-10.803522	36.306755	32.837345	-58.6428	171.89655	9.812792	15.276509	31.828146	-81.48653	1005000	3.6621095e-08	240.2776	-0.034220885	-45.455658	21.45277	0.01491918	0.146	26.0	39808.94982600212
201	-11.157838	37.55854	34.50581	-58.349823	164.7	7.9794197	15.579537	24.173784	-89.44077	1010000	0.0	176.60571	-0.0498521	-21.906158	21.480257	0.013165863	0.2192	79.0	39977.47442984581
202	-15.735538	39.616623	33.466675	-58.39491	129.3158	4.3816853	20.406385	23.414051	-90.96104	1015000	-2.6702882e-08	246.24617	-0.02380531	-38.3965	21.473429	0.017505735	0.15	12.0	40146.97105383873
203	-15.768037	40.115776	34.476505	-61.65205	141.97144	5.433932	19.875702	26.922493	-74.88591	1020000	1.159668e-07	287.1283	-0.022626437	-55.655502	21.455345	0.016378842	0.1324	10.0	40316.29544425011
204	-17.017218	38.100704	36.964493	-58.82176	134.54054	9.695777	16.44515	34.175453	-64.598335	1025000	-5.493164e-08	236.90704	-0.020679578	-53.683136	21.4586	0.018416764	0.18	10.0	40485.83654689789
205	1.3166138	37.320866	35.749615	-60.94328	194.92	7.4623756	16.024487	36.193535	-84.38044	1030000	2.746582e-08	222.05898	-0.033842694	-59.70302	21.457233	0.015685067	0.159	23.0	40786.38540816307
206	-11.079396	39.426918	33.709297	-58.687824	149.42424	8.211309	17.800276	28.968287	-76.159775	1035000	-1.2207031e-08	214.597	-0.024836559	-37.979187	21.436647	0.016255915	0.1438	11.0	40955.07298660278
207	0.08221264	38.124146	37.440598	-61.109985	167.48276	10.684097	15.386515	30.988098	-87.967316	1040000	-6.103516e-08	215.2763	-0.028142285	-24.395126	21.482405	0.017002877	0.1374	18.0	41123.085430145264
208	-4.9977407	39.931442	36.083714	-57.994785	156.03125	8.193413	17.470692	27.765823	-83.41581	1045000	1.2207031e-08	276.01846	-0.05051256	-61.385544	21.444506	0.015175611	0.2056	53.0	41292.414754629135
209	-16.959475	41.06123	33.080025	-62.778534	144.60606	9.094266	19.4175	34.678493	-97.88527	1050000	9.155274e-09	371.736	-0.027470764	-59.629333	21.494076	0.019022038	0.1348	10.0	41461.339594841
210	-15.65238	36.148186	33.39496	-63.15892	166.55173	10.0294695	19.05012	35.535507	-85.59055	1055000	-4.8828124e-08	265.62802	-0.041594494	-72.24875	21.486998	0.015090235	0.1788	44.0	41775.63471889496
211	-18.5227	41.052372	34.99842	-61.616108	131.32433	5.052722	20.7031	32.52031	-76.416466	1060000	-9.1552735e-08	236.2742	-0.037609488	-35.266357	21.483788	0.015726162	0.1806	24.0	41945.152003765106
212	3.8483717	33.462555	34.869843	-58.921535	181.57692	12.888611	10.518211	28.818026	-67.924706	1065000	1.449585e-08	191.09987	-0.04390029	-22.368896	21.406044	0.015014749	0.1782	73.0	42113.31449317932
213	-10.774385	41.350895	39.35314	-60.10622	156.87097	7.690048	18.88076	26.938135	-92.57989	1070000	-1.2207031e-08	259.85083	-0.031752627	-66.20749	21.453363	0.015474216	0.1556	19.0	42282.28287553787
214	-20.318094	38.832157	34.657616	-59.362347	132.16216	8.33295	19.279282	34.928978	-79.421326	1075000	5.1879884e-08	317.0217	-0.03325814	-77.91872	21.427248	0.0152023975	0.1762	18.0	42451.888400793076
215	-20.234522	39.51441	34.771168	-58.970215	126.789474	6.025458	22.316917	29.14819	-114.02504	1080000	-2.1362304e-08	264.46024	-0.027975185	-52.39406	21.412363	0.015797006	0.1346	13.0	42778.825587272644
216	-11.170184	40.602875	36.089855	-58.549397	128.37837	7.2136884	21.844816	30.478048	-103.97281	1085000	-3.6621095e-08	213.85887	-0.0436991	-38.044373	21.409725	0.015363944	0.1878	53.0	42948.09862470627
217	-2.8632374	36.633224	33.93971	-56.92707	177.57143	13.262817	12.238736	30.582617	-64.096436	1090000	0.0	204.13226	-0.02650348	-29.387894	21.412682	0.016109934	0.1412	16.0	43116.21009302139
218	-15.889341	41.17646	40.484077	-60.607517	142.67647	6.9425163	21.348143	31.964752	-94.68027	1095000	2.4414062e-08	235.06215	-0.016097656	-28.964874	21.441208	0.01912378	0.1502	5.0	43285.00410723686
219	-7.708799	40.691265	36.3955	-59.31081	142.62857	8.678739	18.197487	31.882515	-87.5221	1100000	-9.155274e-09	260.6097	-0.04250962	-58.81926	21.400646	0.015137269	0.1898	43.0	43454.39095497131
220	-7.6197734	40.538418	39.468513	-57.867943	146.38235	11.942255	17.69597	35.55956	-86.10495	1105000	3.3569336e-08	212.11732	-0.03213581	-24.041473	21.42714	0.014827774	0.1474	27.0	43777.39533638954
221	-5.4346056	38.811924	36.09271	-58.09595	160.25807	12.425282	17.11097	35.840874	-82.40653	1110000	1.1901855e-07	200.0595	-0.029331537	-26.411026	21.387938	0.015835702	0.1514	18.0	43945.919806957245
222	-1.1134526	39.267822	37.332363	-66.54706	157.93549	10.657115	17.094889	32.563747	-74.443596	1115000	4.2724608e-08	255.2825	-0.0469704	-35.438324	21.338953	0.012712567	0.2	79.0	44114.38187336922
223	-6.3824644	41.821777	34.978638	-60.420406	142.5	9.339803	19.999313	31.054325	-108.2158	1120000	1.8310548e-08	189.82785	-0.023440106	-46.138245	21.380096	0.018201526	0.132	8.0	44283.25177979469
224	-8.85449	38.218273	38.709984	-63.248306	171.44827	14.273078	17.69138	33.80028	-89.092476	1125000	-1.2817382e-07	254.5026	-0.039149538	-68.60472	21.381805	0.0149932755	0.1686	38.0	44451.63446211815
225	-15.009481	41.368713	34.852192	-63.14992	132.59459	7.1643553	21.76828	27.982399	-85.73329	1130000	-9.155274e-09	267.41904	-0.031805612	-45.444107	21.356466	0.015479188	0.155	17.0	44771.116752147675
226	-21.329744	36.949505	35.411785	-58.141834	135.10811	7.197796	20.130548	29.11746	-76.62246	1135000	1.8310548e-08	176.85777	-0.022046393	-24.620361	21.327852	0.01654947	0.1286	12.0	44940.81127047539
227	1.6944083	38.36743	37.688908	-56.910072	171.3793	7.8439565	15.6679	25.830229	-74.345024	1140000	-1.0375977e-07	284.2039	-0.04707191	-106.723465	21.305866	0.01096072	0.2154	79.0	45109.18110871315
228	-15.230377	41.151703	36.38981	-60.023983	138.32353	10.941832	15.981857	33.312458	-75.90171	1145000	2.4414062e-08	264.69693	-0.024320664	-69.601456	21.331215	0.016009964	0.12	11.0	45278.33674144745
229	-3.965828	39.86803	37.32453	-58.795532	156.09677	11.3413925	16.410376	33.988235	-89.68913	1150000	3.967285e-08	223.3406	-0.05160646	-29.0224	21.32631	0.012333906	0.2154	79.0	45446.92789196968
230	-11.355507	41.74959	35.02486	-59.407104	123.625	8.419447	20.124037	32.73495	-81.114265	1155000	1.2207031e-08	315.64957	-0.029039467	-89.21724	21.305584	0.016339598	0.1726	11.0	45775.3177652359
231	-17.321125	41.879036	37.130737	-63.353935	121.731705	7.2517815	24.161291	36.351818	-99.9486	1160000	-6.1035155e-09	236.63298	-0.024577716	-46.83354	21.320719	0.017302955	0.1658	10.0	45945.326221227646
232	-10.681671	41.427727	34.90899	-58.041115	135.42857	12.437957	19.554518	36.187157	-94.20392	1165000	-3.3569336e-08	156.4783	-0.039738253	-12.948883	21.308905	0.015340399	0.1882	37.0	46114.26587462425
233	-10.239008	39.046734	34.689507	-59.080276	160.96774	11.263739	20.46202	32.34124	-91.67067	1170000	-3.6621095e-08	254.5191	-0.041989207	-43.112823	21.29505	0.01617546	0.179	37.0	46282.79462265968
234	-9.432243	42.044804	40.187225	-60.945457	131.52632	9.721888	18.755299	34.005943	-66.0263	1175000	-2.746582e-08	272.37396	-0.02588416	-55.82524	21.283829	0.01772696	0.1534	9.0	46452.54962396622
235	-6.6141386	40.587257	36.132057	-58.72472	150.53125	13.284334	17.289267	36.36017	-80.97166	1180000	1.525879e-08	181.0998	-0.023511654	-38.971283	21.271523	0.018147424	0.1292	11.0	46742.86529612541
236	-0.4063666	39.971718	37.583492	-58.268234	151.71875	14.144888	19.496098	34.84649	-91.09224	1185000	2.4414062e-08	169.08665	-0.04373019	-26.1503	21.3001	0.015131171	0.2218	62.0	46911.72263979912
237	-18.014288	42.38643	35.74731	-59.393616	115.06977	9.184606	22.698877	32.95097	-77.55971	1190000	7.324219e-08	270.39844	-0.032657705	-65.75246	21.260427	0.016878909	0.1526	16.0	47081.937975645065
238	-0.07310461	39.539375	35.970356	-62.02507	159.96774	12.975828	20.5752	32.394917	-102.1497	1195000	-3.051758e-08	214.131	-0.049741995	-44.952454	21.223835	0.01127106	0.2288	79.0	47250.74286723137
239	-17.811739	39.48217	36.355373	-59.208584	130.39473	10.757896	22.07903	36.722656	-91.11855	1200000	-3.6621095e-08	217.99432	-0.021466509	-31.091827	21.254992	0.017165639	0.1526	7.0	47420.25504398346
240	-12.874703	41.35064	36.207394	-59.0558	130.64865	10.569188	19.557577	34.007442	-79.01139	1205000	-3.967285e-08	205.38837	-0.018493986	-35.558548	21.237356	0.017294481	0.141	8.0	47724.192068338394
241	-11.579248	40.13157	33.44367	-59.52139	153.9375	8.5423355	20.925423	30.014555	-96.8362	1210000	-1.0375977e-07	327.4774	-0.024749767	-64.03427	21.202257	0.015145595	0.147	11.0	47892.75657296181
242	-27.159431	39.646652	36.273026	-59.578037	97.68627	2.5304608	27.187773	31.772074	-109.50371	1215000	-1.0986328e-07	240.15025	-0.021761652	-55.78682	21.247852	0.018436579	0.1258	7.0	48063.59478735924
243	-15.720456	43.33634	35.444923	-65.58899	124.63158	5.9443336	25.327799	31.67067	-103.83904	1220000	-3.6621095e-08	376.57077	-0.028270302	-129.39319	21.21594	0.01614291	0.1354	10.0	48232.78182530403
244	-11.130328	40.869408	35.386898	-61.011124	134.44444	9.655314	24.109684	33.58949	-94.87617	1225000	-3.0517577e-09	242.0915	-0.031003108	-38.243164	21.198618	0.015672645	0.1654	16.0	48401.88643312454
245	-18.010674	39.876293	33.989216	-59.827415	135.94444	9.406597	21.833923	33.224854	-87.4211	1230000	-5.493164e-08	185.30922	-0.05116343	-18.516464	21.265615	0.015198329	0.2278	69.0	48734.7384660244
246	-10.036032	42.44702	35.375416	-58.008205	129.1579	9.229242	21.37614	32.37046	-85.69104	1235000	-5.79834e-08	165.93808	-0.024276875	-48.71244	21.190273	0.015162982	0.1508	12.0	48904.19639825821
247	-5.5244064	39.76195	33.521225	-62.19006	153.25	11.205629	20.824121	33.842342	-78.22378	1240000	-3.051758e-08	270.54617	-0.026613403	-37.834427	21.2329	0.01654794	0.192	11.0	49072.5737452507
248	-10.429226	40.991062	34.68328	-57.88893	131.83784	13.01788	20.542574	32.50896	-77.95184	1245000	-6.713867e-08	167.75172	-0.029996417	-45.513336	21.232374	0.01638622	0.1966	18.0	49241.64402914047
249	-17.22909	41.007027	34.741577	-58.992897	130.1892	11.822901	20.202778	33.49099	-79.42667	1250000	-6.408691e-08	355.3235	-0.027265629	-95.5531	21.247719	0.017538358	0.175	10.0	49410.34440302849
250	-8.256753	41.044758	34.831825	-58.69237	148.27272	13.266734	19.001825	38.829983	-80.77171	1255000	9.155274e-09	191.96759	-0.028955465	-31.127747	21.235876	0.015828943	0.1794	15.0	49719.11743736267
251	-17.840788	39.761227	33.303646	-60.488697	143.93939	10.037603	22.588024	34.442932	-81.26215	1260000	-2.746582e-08	266.9385	-0.03160592	-61.93605	21.189137	0.01606431	0.1686	15.0	49888.158599853516
252	-1.1368526	38.523144	33.248226	-57.135036	162.56667	12.771076	15.43525	31.664484	-77.42182	1265000	-5.493164e-08	184.2336	-0.04885699	-29.605225	21.214922	0.01483114	0.2244	79.0	50056.72898101807
253	-8.420953	40.716953	35.82514	-57.626953	148.45454	12.089328	19.78956	32.199863	-77.15184	1270000	-2.746582e-08	181.62538	-0.043869928	-26.983719	21.149147	0.015360758	0.2056	37.0	50225.39266324043
254	4.9685507	36.42744	37.658722	-58.70371	183.2963	13.798062	16.585548	35.020916	-74.26871	1275000	7.324219e-08	212.52885	-0.03923672	-54.07927	21.191368	0.016155692	0.2424	34.0	50393.14772820473
255	-8.744865	41.67306	36.91135	-60.056038	145.76471	15.779986	15.539239	37.798244	-72.15564	1280000	6.1035155e-09	220.67783	-0.027572943	-84.00784	21.203663	0.016062085	0.1396	12.0	50683.09656071663
256	-10.202478	41.09085	37.281258	-59.388412	146.64706	11.946623	20.126364	34.03572	-97.25908	1285000	6.1035155e-09	254.78384	-0.029193768	-43.61537	21.204016	0.015749479	0.139	14.0	50853.70433473587
257	-6.928056	38.943222	35.673717	-59.89995	151.21213	14.194363	14.297595	32.205906	-78.55719	1290000	3.967285e-08	171.60484	-0.045338366	-14.023239	21.200674	0.009753007	0.2004	79.0	51024.20650887489
258	-7.8809314	41.77983	35.549652	-58.513325	149.75	9.779342	19.628033	30.860867	-87.7396	1295000	9.765625e-08	192.28702	-0.022194842	-39.105896	21.160662	0.017970791	0.1558	9.0	51194.66747927666
259	-16.55223	40.85033	33.643772	-57.95754	137.66667	11.827561	21.533371	34.07589	-88.28104	1300000	7.93457e-08	241.70564	-0.037014276	-43.905	21.135918	0.016633859	0.185	19.0	51365.42862415314
260	-14.096921	40.159256	35.62027	-58.650707	134.67567	11.245249	20.266857	35.096157	-84.66026	1305000	3.6621095e-08	201.52107	-0.03290081	-25.374405	21.192541	0.016052665	0.2036	21.0	51646.58925509453
261	-20.527624	40.4436	35.817017	-58.542076	126.02564	6.53751	23.565914	34.39598	-93.59615	1310000	7.324219e-08	250.36424	-0.036261145	-59.263397	21.172148	0.015332755	0.2	18.0	51817.365396499634
262	-5.8084373	39.88303	35.115948	-58.067505	160.0	10.4774065	18.585678	28.42292	-92.43528	1315000	2.4414062e-08	226.28966	-0.022595407	-37.520615	21.178818	0.017878914	0.1854	9.0	51987.415054798126
263	-5.492448	38.369747	33.1193	-57.566902	162.86208	12.904034	16.706694	30.72988	-77.420204	1320000	3.051758e-08	172.03789	-0.032363355	-27.74826	21.208174	0.015756804	0.1792	20.0	52157.22485756874
264	-9.320459	40.51603	35.85147	-58.847115	148.28125	12.495909	17.103758	33.801025	-81.568504	1325000	6.103516e-08	259.21423	-0.012109199	-41.556686	21.154861	0.014560695	0.1012	3.0	52327.409883499146
265	-2.1585839	39.44804	36.592484	-59.44819	169.93103	14.237644	15.336287	33.708714	-86.32368	1330000	-7.93457e-08	299.24094	-0.030417932	-66.342316	21.182426	0.017935123	0.1818	15.0	52627.23229932785
266	-12.861646	40.830055	33.66566	-59.40043	129.89189	9.910759	20.654797	30.926157	-94.431595	1335000	-1.0986328e-07	214.98558	-0.017371716	-29.451782	21.119528	0.015347225	0.1828	6.0	52797.86494708061
267	-16.092068	40.353573	34.802505	-57.66049	120.78049	10.2581	20.990377	33.64872	-68.6972	1340000	-3.6621095e-08	197.88202	-0.02497478	-36.214066	21.129358	0.016091378	0.1326	14.0	52969.00102186203
268	-22.265902	39.282017	38.609352	-58.3544	116.14286	6.356347	24.561867	28.524843	-101.34276	1345000	-9.765625e-08	210.20654	-0.027906984	-22.160965	21.15053	0.016779592	0.1546	13.0	53141.19894313812
269	-10.584117	40.669727	35.195187	-57.596687	138.6	10.467015	19.311834	32.160892	-98.34647	1350000	-7.324219e-08	226.16325	-0.025595032	-38.773422	21.180271	0.016392471	0.1728	10.0	53311.81903100014
270	-4.8990226	41.919426	36.732815	-59.626286	139.5	12.521209	19.462856	38.791874	-92.73039	1355000	-3.3569336e-08	165.49768	-0.027845042	-56.021065	21.153471	0.016209207	0.1394	14.0	53596.44855451584
271	-13.696804	42.842365	41.31319	-61.222218	126.10256	12.813489	21.534832	36.94992	-85.07638	1360000	-8.239746e-08	172.96121	-0.026350498	-39.214737	21.193523	0.017137937	0.1532	10.0	53768.029686927795
