Epoch	AverageEpRet	StdEpRet	MaxEpRet	MinEpRet	AverageTestEpRet	StdTestEpRet	MaxTestEpRet	MinTestEpRet	EpLen	TestEpLen	TotalEnvInteracts	AverageQ1Vals	StdQ1Vals	MaxQ1Vals	MinQ1Vals	AverageQ2Vals	StdQ2Vals	MaxQ2Vals	MinQ2Vals	LossPi	LossQ	Time
100	8.859175	6.0589733	41.447178	-0.87030876	-28.248758	4.271345	-17.951754	-33.37348	92.61	38.2	87	2.1384914	2.097309	7.501795	-9.463965	2.1385467	2.0981002	7.544385	-9.588528	-2.5565588	0.3270232	410.80150389671326
200	7.6361446	6.1607456	29.48044	-8.198829	6.381853	10.542854	17.087082	-8.028021	93.47	52.6	78	6.1954584	3.7427983	14.254397	-18.133286	6.194302	3.7440152	14.366176	-17.848677	-6.7191215	1.3924001	829.8405666351318
300	7.728866	5.150146	22.986198	-5.6044693	-19.480618	8.31857	5.0054317	-24.953112	86.79	54.4	89	8.464769	4.0831666	17.36013	-14.145554	8.464627	4.084424	17.057573	-14.61605	-9.082528	1.2798455	1222.4781832695007
400	7.6295686	5.351445	29.859367	-2.8043454	-27.60079	3.9366171	-21.300983	-38.018017	86.71	60.8	81	9.449486	4.0831227	17.70653	-13.23188	9.45036	4.0849366	17.685335	-12.170193	-9.997925	0.8762203	1618.1625530719757
500	7.960767	5.038516	22.09229	-3.5253942	5.5187044	5.5348516	11.290973	-10.524725	84.55	38.3	80	9.03516	4.698054	18.413307	-14.421301	9.03528	4.698891	18.204498	-14.8747635	-9.588773	0.7956267	1996.8273186683655
600	7.5980654	5.084137	21.73822	-3.1088643	10.077478	2.7715302	14.198398	5.465588	84.92	45.3	72	10.064131	4.943952	20.550165	-6.4992857	10.064385	4.9463716	20.773937	-7.0090494	-10.653401	0.8444901	2379.447627544403
700	8.13769	5.9306855	22.914133	-18.886053	-2.770365	2.0957851	2.964294	-5.0621614	92.91	41.9	51	10.542673	5.0788517	19.682306	-20.03754	10.542819	5.08198	20.564709	-20.193083	-11.061033	0.9857357	2793.765550136566
800	8.209138	5.9209213	29.695915	-8.144637	0.43443298	6.01509	5.722836	-11.308674	95.83	25.2	92	10.880215	4.646253	19.287321	-11.591987	10.88049	4.6460595	19.410192	-10.240737	-11.375839	1.0585105	3213.9188511371613
900	8.471386	4.8450613	25.253473	-2.1820192	14.097305	1.5154115	15.513456	10.384561	86.25	47.1	85	9.825129	4.913381	19.481947	-13.904391	9.824944	4.9160132	19.345371	-13.707247	-10.32935	1.0245842	3601.6618700027466
1000	8.833534	6.003566	31.408018	-8.82871	11.950693	2.7104402	16.13609	7.4280624	95.47	52.0	91	10.102607	5.1304045	20.125427	-8.489987	10.102765	5.1313105	20.15964	-7.945011	-10.5937	0.79441696	4030.0634911060333
1100	-8.668359	14.949572	16.95918	-44.04673	8.957662	5.1629376	13.345379	-5.9866962	44.53	42.4	49	3.77889	9.498316	20.140951	-40.706463	3.7805636	9.500879	19.895826	-42.329227	-4.2579284	4.1259327	4250.973573446274
1200	5.863869	9.645223	18.628376	-26.004625	-15.694864	12.075034	16.903475	-29.702452	40.45	33.0	13	-2.9557085	6.633185	18.722351	-35.53819	-2.955891	6.628889	19.44429	-34.322346	2.5260596	3.0331075	4451.142241239548
1300	3.4051385	10.423501	21.736746	-24.239183	-8.986997	7.619273	13.294981	-16.166548	39.05	15.8	42	0.43727887	5.215663	13.48859	-24.826815	0.4389326	5.2084527	13.833719	-24.742098	-0.7536807	1.4081473	4639.162696838379
1400	8.798905	8.189263	19.654448	-13.689433	0.76204777	9.311493	8.098867	-23.438046	41.6	29.3	21	0.7176671	4.597828	13.561129	-20.28298	0.7174534	4.598501	13.852439	-20.021702	-0.93414825	0.87980956	4842.576569080353
1500	4.861393	7.8116865	19.754974	-22.414463	12.096121	0.57419175	12.838733	10.68967	33.04	41.5	18	0.6354322	3.5347798	10.065074	-19.39371	0.6362326	3.5318959	10.653692	-20.090847	-0.87439024	0.60539776	5014.5262660980225
1600	9.080024	8.924502	18.112658	-22.48974	8.116797	4.8896775	11.429824	-5.7168193	41.64	38.7	38	1.4322972	3.9671862	11.460088	-21.57266	1.432496	3.967769	11.890904	-21.633327	-1.6115042	0.5108976	5222.003237962723
1700	6.5212803	8.88301	17.945065	-15.915631	-4.4947333	4.7153254	0.001768223	-13.911809	39.63	13.0	51	2.3341072	3.777677	11.798266	-26.323803	2.3334541	3.778527	11.800939	-26.513275	-2.5279267	0.5314543	5411.773214817047
1800	4.9127126	9.108188	18.486107	-22.930622	0.048626043	7.4885383	4.4528303	-21.761255	35.67	20.0	21	2.0220308	4.014937	10.979798	-27.236803	2.0215125	4.0198817	11.203905	-27.224531	-2.2128756	0.4469822	5587.23460316658
1900	4.316065	9.807106	17.570173	-26.38607	11.753803	10.537893	15.802082	-19.841957	34.0	45.9	26	1.1467514	4.433664	11.503962	-22.174145	1.1474334	4.4313297	10.729085	-22.89109	-1.3862274	0.49384925	5765.19384598732
2000	5.380454	11.423076	16.76282	-30.525095	15.119537	0.9400677	16.56802	13.237799	37.16	51.5	48	0.19548534	4.9233656	9.671431	-26.8132	0.19526097	4.9234324	9.215582	-25.408136	-0.4562351	0.55117446	5962.798939704895
2100	8.615009	7.157908	20.21904	-12.520749	5.1335893	2.0493472	9.608859	0.74017173	37.83	22.3	39	1.897207	3.9260638	10.060797	-26.597946	1.8968456	3.9242365	10.070886	-25.967958	-2.0294414	0.36091366	6150.91416478157
2200	7.861121	6.082053	18.481335	-23.231976	12.695233	3.8816159	17.830996	4.899456	37.05	50.3	27	1.8429705	3.73092	10.149054	-24.230612	1.8429734	3.7298326	10.06021	-23.62272	-1.9453539	0.4895407	6343.205774307251
2300	8.412947	5.143822	17.400537	-2.0699506	1.244228	3.56249	10.81361	-4.1319723	35.96	15.3	42	1.8472589	2.9368062	9.534642	-22.716328	1.8473179	2.9371035	9.575602	-23.470716	-1.9981439	0.36359248	6517.773473501205
2400	4.8559065	10.557505	17.245419	-34.668427	8.995853	5.3476562	15.082382	-0.8692961	41.28	48.8	52	2.0220573	3.4637022	9.414262	-19.884565	2.021626	3.4624438	9.419176	-21.279387	-2.2113826	0.5164312	6727.963788509369
2500	6.5335817	6.1545124	18.643387	-17.603853	4.5071497	4.6221004	17.091179	-0.7485031	38.04	33.3	25	1.9609238	3.9532537	9.971764	-21.950384	1.9600973	3.9482338	9.78186	-23.707823	-2.176969	0.5645568	6918.230711936951
2600	10.807886	5.854409	19.247162	-17.38516	15.501966	2.3862777	17.647293	8.730876	44.37	49.0	53	2.1802328	3.296146	9.803957	-18.147184	2.1805198	3.2931626	9.666484	-16.947172	-2.3761055	0.36665285	7141.917195320129
2700	9.386221	6.0056376	18.126049	-18.156864	13.600885	2.1294541	17.965965	9.760777	41.97	46.9	46	2.9987078	3.4342072	10.124225	-14.208861	2.9984148	3.4323685	9.774486	-14.234782	-3.0856178	0.27665675	7354.681709289551
2800	8.662751	8.77542	20.487417	-17.2726	5.837003	3.123477	14.098734	2.2917013	40.81	35.4	36	2.5992987	3.3690457	10.109795	-17.447561	2.5991857	3.3701754	9.862153	-16.542213	-2.7143617	0.33096465	7557.721487045288
2900	9.013604	7.416477	19.256039	-12.150847	0.98517865	4.11943	8.5565195	-5.6072483	40.43	50.6	53	3.0896323	3.9134173	10.529812	-23.816729	3.0899625	3.915464	10.505874	-23.300962	-3.2067158	0.35831472	7764.78168797493
3000	10.778169	4.556587	17.966597	-4.6167502	-10.4618635	3.8336568	0.62287694	-13.935307	42.21	13.8	45	3.536723	3.236885	10.773729	-13.396071	3.5372279	3.2334838	10.55819	-13.222803	-3.684326	0.18957338	7968.163176774979
3100	7.8275256	7.4848957	22.793139	-12.112152	-0.19313478	4.297659	10.124431	-5.4244514	35.89	36.3	51	3.278796	3.1390831	10.92608	-15.120344	3.2789075	3.1381137	10.967752	-17.079794	-3.4119425	0.25585815	8150.7556664943695
3200	11.017749	4.7804184	19.991331	-11.56405	17.212446	2.9563742	20.78456	10.47119	43.25	56.1	51	3.3686416	2.937368	11.145567	-17.272247	3.3689978	2.9321578	11.265462	-17.545378	-3.5312126	0.28817216	8372.640021324158
3300	6.7532654	7.5973854	17.928808	-10.493295	-11.062543	6.0704136	6.543233	-16.295866	34.73	21.3	53	2.5263562	3.675602	10.449084	-20.661205	2.526268	3.668673	9.859646	-18.766428	-2.7177603	0.4909791	8545.084538936615
3400	10.800133	4.19813	20.640707	-0.44282818	13.474338	1.7186924	16.146652	10.351146	46.13	48.8	48	2.9128451	3.68194	10.346413	-20.40964	2.9126997	3.6810222	10.111379	-20.221346	-3.0268214	0.33264247	8776.85522866249
3500	7.128092	7.118311	18.060951	-11.310813	11.776941	1.4499884	14.691794	8.529155	35.34	41.0	54	2.479355	4.021901	10.209316	-14.1602	2.4792578	4.021033	10.486331	-15.4169235	-2.605804	0.3110717	8959.712986469269
3600	2.7514467	8.343098	16.419119	-19.188301	3.2725708	4.999183	6.7552557	-11.14073	32.19	23.1	32	3.019129	3.1116729	10.348852	-13.8799715	3.019218	3.111225	10.13519	-13.322539	-3.1522143	0.23039818	9122.457721710205
3700	8.154626	7.131018	17.00989	-10.902764	11.411496	1.55893	15.970254	10.292408	35.18	37.6	20	2.7979853	3.2177463	10.431772	-13.944271	2.798177	3.2192895	10.279351	-13.994823	-2.9185586	0.23317882	9304.471734762192
3800	4.097521	7.896414	16.810736	-17.405798	13.0547	3.6098921	15.086132	2.3101523	33.6	46.4	21	2.7312412	3.8615115	10.431294	-35.609432	2.7315035	3.8590488	10.5800495	-39.529675	-2.8565505	0.30533883	9483.42357134819
3900	5.520543	8.490711	18.531946	-25.314718	-14.081769	7.5519094	7.7790823	-20.126284	35.37	23.1	24	1.1607753	4.6593075	10.712772	-32.38415	1.1607484	4.6571956	11.021652	-31.590734	-1.3987566	0.39944044	9660.541088581085
4000	7.007736	11.207596	20.448849	-30.428148	5.4952674	1.9096484	7.883876	1.684032	39.15	26.6	34	2.6139553	4.158994	10.987122	-26.178516	2.6141162	4.1567936	11.033611	-26.76435	-2.7287414	0.26389626	9856.790254354477
4100	3.694133	9.409783	14.984419	-31.715687	8.825689	1.3774222	12.512824	7.080039	37.13	31.8	45	2.6055744	4.0569596	10.544808	-21.545864	2.6052248	4.0575686	10.584544	-21.227764	-2.765314	0.21828109	10045.359714269638
4200	6.3066926	10.943224	17.854973	-24.786123	17.451937	0.52057546	18.3932	16.834488	38.96	57.0	60	2.2878652	4.4262047	11.066383	-32.850803	2.2866535	4.425964	10.525811	-33.457237	-2.511741	0.35681328	10252.040115356445
4300	8.835939	7.0203795	19.04769	-17.542948	12.223243	1.013942	13.211507	9.582826	43.74	39.3	40	2.2978113	5.044481	10.912115	-33.426823	2.2973619	5.044786	10.41888	-33.454258	-2.5877333	0.38501287	10471.717736721039
4400	6.5692053	4.8323016	16.055513	-7.1310444	9.492691	1.9930042	15.2422	8.062363	32.04	33.0	25	3.2975743	3.0001535	10.2662525	-15.259121	3.297541	2.9982798	9.813876	-15.51138	-3.466595	0.15914299	10636.57996249199
4500	8.844439	5.827843	17.473558	-10.970742	16.84892	1.5995582	18.26661	13.269399	38.37	54.0	41	3.5540323	2.5803828	9.539684	-12.989622	3.5542674	2.5781147	9.841583	-13.088635	-3.6932795	0.12628697	10837.200752735138
4600	9.313391	8.606716	19.366474	-16.394617	-2.5512352	4.035682	3.1764686	-12.266193	40.96	19.9	26	3.917267	3.3851178	10.326099	-22.360449	3.9175239	3.3851895	10.366789	-21.604725	-4.068479	0.1758814	11036.66164112091
4700	7.353962	8.568693	19.978727	-32.87195	5.9302607	4.657341	16.492666	0.47443464	38.42	43.1	28	3.588007	3.926184	11.644795	-20.631126	3.5876582	3.9278355	11.327654	-20.904066	-3.8155105	0.27081123	11233.666387796402
4800	9.147744	5.776289	20.180098	-22.163143	7.2869744	0.8332353	8.475082	5.1498117	39.34	28.9	30	3.278945	3.6215446	10.611938	-14.32151	3.2786827	3.6201262	10.743393	-12.8186245	-3.555283	0.2822543	11429.476240873337
4900	5.563511	8.97806	16.142588	-37.309605	5.6431603	5.112625	9.432675	-8.664947	36.51	29.1	50	2.5352948	3.7337227	10.497093	-18.549877	2.535397	3.7307923	10.509504	-17.714302	-2.8231795	0.42670184	11613.03024148941
5000	5.773833	8.033158	17.886301	-13.847038	12.868155	1.3652025	14.510113	9.113961	31.56	43.0	13	2.0757513	4.0142136	10.855981	-27.43519	2.075697	4.0184083	11.35516	-27.571152	-2.4110124	0.47903168	11779.591745138168
5100	9.5469265	6.206267	20.345158	-10.552978	8.604261	1.1911087	11.773197	6.8681784	37.6	29.5	26	3.1496193	3.7068615	13.257469	-28.8716	3.1500847	3.7096393	13.374584	-28.684166	-3.39936	0.29931393	11967.536165237427
