Epoch	AverageEpRet	StdEpRet	MaxEpRet	MinEpRet	EpLen	AverageVVals	StdVVals	MaxVVals	MinVVals	TotalEnvInteracts	LossPi	LossV	DeltaLossPi	DeltaLossV	Entropy	KL	ClipFrac	StopIter	Time
1	5.8825045	34.29902	49.164112	-38.7751	83.26667	-5.0516076	11.663194	6.277829	-45.997322	10000	-1.586914e-07	1561.1118	-0.024222456	-577.5109	20.936438	0.018758103	0.1294	7.0	175.14794898033142
2	9.271251	34.083153	49.773106	-36.645496	87.05357	7.0738335	8.631052	23.504244	-23.225832	15000	1.6479493e-07	1039.8036	-0.019940933	-354.19885	20.94823	0.021491295	0.1494	7.0	348.4949417114258
3	11.30863	35.101105	49.618362	-41.340588	78.14286	15.070518	9.971504	44.851997	-34.090527	20000	1.0681153e-07	757.902	-0.015366726	-270.30438	20.92277	0.015413822	0.1148	3.0	523.3974483013153
4	15.79531	33.12776	50.182247	-29.187265	95.67308	19.525896	14.116745	55.460175	-39.405838	25000	1.2207031e-08	490.0941	-0.013414752	-189.27722	20.90993	0.022316312	0.1632	5.0	696.800080537796
5	18.019562	32.924988	49.334503	-36.540295	92.64151	27.798138	15.422273	68.10894	-37.551174	30000	6.1035155e-09	351.5567	-0.016342724	-111.037445	20.899984	0.01903027	0.1332	5.0	889.6962325572968
6	3.979881	34.29461	49.46696	-37.09603	74.0	23.890482	21.676683	70.29573	-41.97668	35000	5.493164e-08	334.83426	-0.014709259	-81.1591	20.966404	0.019331472	0.1482	4.0	1064.9218995571136
7	9.1778755	34.115673	49.650135	-37.711193	92.51852	25.447674	22.409847	69.58255	-48.94176	40000	4.577637e-09	247.1505	-0.02765466	-70.42505	20.944666	0.018853653	0.1756	11.0	1237.6199514865875
8	23.491375	31.641506	49.471703	-36.336243	107.5	34.004242	17.476685	65.285835	-49.706806	45000	-3.3569336e-08	244.7563	-0.023131518	-57.082993	20.947798	0.01738642	0.1528	11.0	1409.7839868068695
9	17.397472	33.105385	50.13152	-35.837044	95.86275	32.21665	20.346298	71.11089	-41.941223	50000	-3.051758e-08	217.75987	-0.024800379	-44.584335	20.903929	0.017117986	0.1672	9.0	1582.5778799057007
10	14.370341	34.195915	49.5719	-35.156963	85.55173	32.015915	21.189705	69.008896	-50.862232	55000	-1.0375977e-07	195.2838	-0.023214871	-55.060196	20.929913	0.017597578	0.1328	7.0	1785.8254714012146
11	15.508317	33.557053	48.257454	-33.378834	94.42308	31.7779	21.922415	71.87989	-48.108654	60000	3.5858154e-08	159.8447	-0.027085442	-37.655792	20.965858	0.017409759	0.1588	10.0	1958.8633172512054
12	14.297441	33.20123	49.51312	-33.709694	90.818184	36.144306	20.120754	73.431145	-35.03708	65000	-5.493164e-08	176.7268	-0.018552884	-44.18849	20.941048	0.01712275	0.1306	4.0	2131.675577878952
13	3.4369924	34.545265	49.056545	-39.60943	78.87302	30.209862	24.502098	67.65852	-42.633617	70000	-4.7302247e-08	223.93575	-0.023689304	-58.6024	20.948126	0.018614832	0.1328	8.0	2306.0281438827515
14	7.025204	34.761574	48.174103	-34.077347	81.90164	28.273481	24.988245	61.654972	-51.395576	75000	-6.103516e-08	164.08534	-0.024947261	-24.799942	20.92757	0.01806829	0.1638	8.0	2480.1027221679688
15	11.034448	34.33206	49.936283	-56.890118	89.26786	28.858034	25.504095	65.58765	-48.130836	80000	-5.493164e-08	183.8428	-0.025675923	-51.55728	20.94281	0.016439864	0.1878	9.0	2678.0232293605804
16	15.513664	33.767025	48.736572	-36.97508	97.84	32.818436	22.914421	71.73127	-46.651638	85000	4.8828124e-08	184.44217	-0.026825842	-39.31018	20.924356	0.015486584	0.1578	9.0	2850.7367527484894
17	12.162614	33.478218	48.1565	-37.436104	100.591835	31.70775	23.598377	65.0669	-51.31217	90000	1.6021728e-08	190.37253	-0.028241029	-64.29793	20.925457	0.01643822	0.1788	11.0	3023.2121675014496
18	15.76708	33.644314	49.92243	-31.821577	96.07692	35.63667	20.310448	65.14414	-36.632153	95000	2.5177002e-08	170.54393	-0.024499288	-41.02188	20.946125	0.017391786	0.133	8.0	3196.045494556427
19	17.067001	32.392464	49.76713	-37.411808	99.96	34.7787	19.95494	70.164024	-36.288383	100000	-2.6702882e-08	157.89847	-0.020845583	-39.967056	20.95915	0.014748215	0.1428	7.0	3368.4652800559998
20	17.887129	33.426422	49.867405	-31.88642	94.53846	38.291023	18.307167	62.38862	-36.494293	105000	6.408691e-08	176.75105	-0.02502855	-52.989716	20.956125	0.017495792	0.148	9.0	3569.1082639694214
21	10.319786	34.758533	49.56972	-33.611076	86.17544	33.156868	22.12535	67.192276	-50.550526	110000	1.9836426e-08	183.88416	-0.0192246	-61.888756	20.93467	0.018453287	0.1566	6.0	3742.5741069316864
22	9.33105	34.21554	49.971493	-38.6592	84.66102	30.202887	24.679699	59.21012	-43.7764	115000	-9.918213e-09	146.77454	-0.025424743	-28.127464	20.934322	0.017536663	0.1432	8.0	3916.493867635727
23	15.993155	33.523132	49.296555	-36.002052	94.28302	33.645145	21.994757	60.31034	-45.310764	120000	6.1035155e-09	182.04013	-0.025393367	-44.546356	20.909443	0.02016339	0.1884	10.0	4089.72003531456
24	12.395317	34.701218	49.73231	-36.179516	85.62069	32.41657	23.876474	59.255016	-46.17372	125000	-1.159668e-07	149.42621	-0.03702453	-29.650696	20.967907	0.016234979	0.1736	16.0	4263.900000333786
25	12.321602	34.83482	49.579575	-34.16338	90.181816	33.897026	22.63391	58.606255	-38.04797	130000	2.4414062e-08	159.05562	-0.02316594	-24.706818	20.945194	0.01594623	0.1494	9.0	4466.322195291519
26	8.280074	35.04191	49.30596	-39.75964	84.706894	29.059206	25.0433	58.275154	-52.2862	135000	-5.79834e-08	184.35837	-0.02950924	-40.11052	20.958935	0.016752454	0.167	12.0	4641.13191652298
27	13.564629	34.424755	49.148094	-44.996418	88.08929	31.79616	24.386648	62.8628	-50.72277	140000	1.8310548e-08	194.47395	-0.03328605	-32.453125	20.959208	0.015389633	0.1792	15.0	4816.118636369705
28	11.86072	35.066956	49.08734	-40.25676	85.534485	33.919712	22.80353	61.52681	-42.03644	145000	-5.0354004e-08	164.2174	-0.032923322	-29.489685	20.9374	0.0157544	0.1768	15.0	4991.2689661979675
29	11.7284355	33.132614	49.84389	-35.910828	92.25926	29.832565	24.438766	57.537018	-42.80591	150000	6.103516e-08	208.85536	-0.034362372	-59.352158	20.943316	0.016213996	0.1746	19.0	5165.598630189896
30	12.9642515	33.667233	49.51407	-33.157158	87.48214	35.245228	20.47174	66.17728	-32.285496	155000	-2.746582e-08	164.11685	-0.028507913	-28.37355	20.912037	0.015797097	0.1824	11.0	5368.5886561870575
31	9.851666	34.604023	48.834045	-40.76032	87.22807	35.03762	20.53241	62.228687	-44.86941	160000	1.2207031e-08	197.85097	-0.02228352	-75.89973	20.880867	0.019690115	0.1652	7.0	5543.275522470474
32	11.804048	35.235466	49.57762	-36.092533	90.43636	32.82643	23.84094	66.47795	-45.386547	165000	4.2724608e-08	144.75916	-0.0318639	-27.575882	20.9163	0.01654324	0.2042	13.0	5717.8710169792175
33	12.436686	33.79872	50.47785	-38.22684	85.06896	31.891207	24.261202	66.06345	-44.16485	170000	8.5449216e-08	191.3547	-0.03319197	-41.52243	20.929823	0.016207587	0.1734	15.0	5893.1292996406555
34	17.42183	33.243782	50.137615	-33.605515	90.30909	35.881836	20.603754	57.89589	-42.281776	175000	1.373291e-07	156.93605	-0.031525098	-26.401901	20.901735	0.015592357	0.148	14.0	6067.7836084365845
35	9.506687	33.99434	50.24608	-29.812956	76.23077	32.072414	24.047985	56.663544	-39.822758	180000	-1.0375977e-07	134.84784	-0.037277777	-25.864311	20.933216	0.01624301	0.208	20.0	6270.03323340416
36	12.318859	34.499992	49.003925	-34.223957	85.91228	35.09076	22.454369	63.607952	-44.206856	185000	3.0517577e-09	128.72179	-0.03140405	-27.22947	20.894512	0.017236216	0.1666	13.0	6444.948800563812
37	6.6682673	33.820843	48.83502	-34.875614	81.96722	29.109482	26.33619	61.468624	-43.886307	190000	-2.4414062e-08	135.9821	-0.025131274	-26.156677	20.90093	0.015899489	0.1454	8.0	6620.175204992294
38	17.577087	32.784344	49.722633	-32.141	89.27273	32.990887	23.838432	59.579414	-52.747368	195000	7.6293944e-08	140.19247	-0.030458111	-53.671623	20.917303	0.016572068	0.1544	12.0	6795.041173696518
39	17.526152	34.121414	49.66027	-34.211693	87.649124	38.064545	19.780516	60.82567	-34.044643	200000	6.1035155e-09	146.75127	-0.021147465	-32.331367	20.926256	0.016346784	0.1632	6.0	6969.849160432816
40	11.560227	34.188797	48.42988	-44.05342	87.17544	32.072903	22.439812	64.50501	-40.63156	205000	-4.8828124e-08	191.99905	-0.018950747	-34.14534	20.905516	0.016432712	0.1446	5.0	7169.1845626831055
41	8.299908	34.888023	47.895535	-43.498737	84.57627	32.42975	22.59234	62.439342	-38.704243	210000	9.4604495e-08	155.6732	-0.022230942	-31.307968	20.881445	0.019407412	0.1548	9.0	7344.244222402573
42	13.865172	33.64282	49.705154	-42.134216	91.77778	34.0556	21.596731	61.26492	-44.047016	215000	-6.103516e-08	296.5869	-0.024131102	-79.69464	20.873203	0.016136587	0.1326	10.0	7518.856319904327
43	12.649847	35.58312	49.686558	-51.168243	84.62069	30.429838	24.769548	57.33239	-55.925816	220000	0.0	188.76358	-0.030896107	-33.501816	20.877502	0.016659873	0.1762	12.0	7693.6688396930695
44	8.199014	35.499466	49.613007	-45.59958	76.03077	30.949656	25.835833	65.10232	-61.97722	225000	1.3427734e-07	196.2418	-0.044513404	-49.457184	20.92066	0.014750966	0.2046	27.0	7869.644235372543
45	15.440626	34.046608	49.572792	-37.287422	92.14815	31.249735	23.676525	55.67157	-48.066784	230000	5.1879884e-08	183.92715	-0.035895266	-61.538345	20.870735	0.016213534	0.2068	19.0	8067.847543716431
46	7.194238	34.612465	49.22722	-34.420227	83.05	32.395836	24.216822	65.55739	-41.84523	235000	3.1280518e-08	208.96826	-0.023258185	-50.862946	20.90323	0.016755639	0.131	8.0	8243.109808683395
47	19.689785	32.56178	50.181953	-34.00649	105.78723	34.1039	20.983204	71.320404	-41.24652	240000	-1.2207031e-08	166.8083	-0.04137784	-43.431145	20.918728	0.015316378	0.189	24.0	8416.45117688179
48	17.396214	33.97053	49.505287	-35.968067	94.28302	34.611355	21.572205	61.588787	-47.87134	245000	2.822876e-08	161.54532	-0.032095518	-46.67063	20.922525	0.015646197	0.1796	14.0	8591.841575860977
49	11.119782	34.57134	49.71574	-33.850227	87.350876	32.8127	23.01945	60.2905	-38.516476	250000	-1.0910034e-07	144.89322	-0.030146362	-16.21434	20.863743	0.016894052	0.1956	12.0	8767.772979736328
50	-1.8524393	34.10011	49.73808	-37.86747	71.797104	26.932062	26.587221	62.202633	-46.221558	255000	9.155274e-09	255.93492	-0.024985772	-103.314835	20.881815	0.016809775	0.145	8.0	8969.667343378067
51	19.700804	33.245552	49.49132	-39.340977	99.12	34.893658	22.167288	62.86912	-46.3309	260000	6.1035155e-09	132.35048	-0.033334427	-46.244156	20.879284	0.015723905	0.1822	15.0	9144.48126077652
52	9.020976	34.770737	49.579884	-37.52183	81.22951	31.743273	24.976294	59.687954	-54.513153	265000	6.1035155e-09	150.45135	-0.021586917	-28.588531	20.914078	0.018403234	0.1718	7.0	9320.800947904587
53	20.34381	32.121117	48.94524	-28.972853	101.81633	35.3786	21.396866	58.371605	-37.876095	270000	-1.525879e-08	136.80417	-0.0235701	-26.443169	20.873222	0.015959406	0.1552	9.0	9495.77166223526
54	16.069843	34.285202	49.555294	-37.20131	95.63461	35.38352	21.441137	60.130463	-41.33092	275000	-6.5612795e-08	143.77563	-0.028952498	-24.587738	20.870564	0.017358238	0.1704	12.0	9670.892652750015
55	11.513494	36.0405	49.222595	-40.169678	94.18868	33.56797	22.650726	57.999073	-38.436863	280000	2.4414062e-08	149.33725	-0.029388342	-32.982048	20.918903	0.016724221	0.1416	10.0	9868.353156089783
56	9.177197	34.085754	49.575466	-29.990734	85.0	30.944637	24.926374	54.638462	-56.334675	285000	5.79834e-08	145.76349	-0.035060827	-35.666702	20.862343	0.0151472995	0.187	18.0	10044.448386669159
57	14.468668	35.489784	49.916245	-34.283665	92.26415	33.822575	23.410883	59.78329	-37.804775	290000	1.8310548e-08	134.609	-0.027685484	-29.186943	20.90825	0.016685836	0.1624	11.0	10219.943104982376
58	10.1026535	33.654293	48.08878	-36.001377	89.98148	33.24342	22.83958	55.656155	-47.669193	295000	-4.2724608e-08	197.31157	-0.02537352	-36.544098	20.902824	0.016090153	0.1326	10.0	10393.268174171448
59	16.63753	33.43559	49.677555	-35.40983	97.29412	34.153908	22.129227	54.54971	-40.254402	300000	-5.569458e-08	145.60959	-0.028105712	-40.20363	20.920944	0.016293926	0.195	13.0	10565.37418270111
60	12.602887	33.11932	48.649494	-35.25597	90.781815	32.594074	23.359291	56.07035	-43.38699	305000	-8.31604e-08	143.46504	-0.035513345	-48.441483	20.91981	0.016112067	0.1838	19.0	10756.743415117264
61	18.843773	33.170097	49.32477	-34.95707	96.07692	39.28036	18.857927	62.510506	-28.489578	310000	5.493164e-08	95.41062	-0.029983358	-22.458305	20.870577	0.017019937	0.1536	13.0	10928.956971883774
62	6.9836836	34.70228	48.62026	-49.01409	84.57627	33.099243	21.943966	56.19074	-41.63193	315000	-7.8582765e-08	323.98624	-0.019837752	-128.33295	20.852179	0.018518772	0.1676	6.0	11102.341912984848
63	13.94271	34.521385	49.24246	-41.21852	89.0	31.675365	24.210928	56.087593	-45.59766	320000	-6.103516e-08	216.03067	-0.049852736	-23.323868	20.866566	0.011346649	0.2592	79.0	11275.156652450562
64	8.302911	34.47652	49.13437	-34.61496	87.5614	25.574131	25.609497	53.378563	-52.59349	325000	1.4495849e-07	222.55225	-0.03264679	-68.79172	20.846193	0.016766224	0.1608	14.0	11447.977925539017
65	15.430207	32.94454	49.83337	-40.075157	99.82	37.72982	19.5794	63.034534	-34.508564	330000	-3.0517577e-09	107.39816	-0.037836	-22.290672	20.860912	0.01502247	0.1566	20.0	11647.295783758163
66	12.598778	33.474983	48.872032	-31.390825	99.2	33.645767	20.583508	61.452824	-32.646824	335000	6.1035155e-09	218.12872	-0.023754226	-57.862366	20.851486	0.021078335	0.1608	9.0	11819.406785726547
67	17.708485	32.680737	49.04824	-35.486347	99.62	35.12165	21.540575	58.37243	-45.698795	340000	4.2724608e-08	107.733665	-0.032432076	-34.12513	20.822193	0.015382254	0.2116	15.0	11991.40338087082
68	16.834679	32.154514	49.58132	-31.4772	98.92	38.000668	18.511942	56.868088	-37.828133	345000	-1.2207031e-08	95.38062	-0.030312963	-16.029099	20.831255	0.017852299	0.1686	11.0	12163.58667588234
69	12.020643	33.545498	48.26962	-36.365734	95.40385	34.274395	21.802963	58.520348	-40.47654	350000	5.493164e-08	131.65425	-0.022458969	-36.46051	20.813828	0.018596165	0.1614	7.0	12335.832647562027
70	16.332928	36.03878	49.340343	-70.183075	86.78571	34.64788	22.804983	54.15414	-39.854446	355000	8.239746e-08	169.56026	-0.030433288	-43.53041	20.808468	0.015749784	0.1748	17.0	12536.938357591629
71	17.077383	33.30448	49.806747	-39.007378	102.875	32.645775	23.971104	56.26506	-57.862118	360000	-3.9100648e-08	152.56328	-0.040297914	-33.750755	20.818916	0.015876427	0.1816	23.0	12708.745756149292
72	9.536498	35.278606	49.199036	-38.96801	86.155174	33.404793	22.692709	60.835632	-54.860764	365000	3.967285e-08	156.14336	-0.025526578	-56.32084	20.813137	0.016763587	0.1178	8.0	12881.944530248642
73	14.705428	34.389633	49.510887	-33.50956	95.92308	32.99863	23.588058	56.445133	-50.202534	370000	-6.713867e-08	151.09688	-0.034656297	-37.419525	20.84613	0.015702413	0.2178	16.0	13054.490585327148
74	10.011557	34.20292	49.866646	-34.7753	81.540985	32.12416	24.605356	59.565914	-46.413097	375000	-1.6784668e-08	144.22076	-0.02664026	-40.470955	20.819668	0.017301358	0.201	11.0	13227.960946083069
75	9.632083	34.233578	50.035095	-33.18812	90.454544	31.856085	25.80261	60.203777	-83.56421	380000	-3.8909914e-08	205.35408	-0.025586871	-66.582886	20.835398	0.018456826	0.1396	9.0	13425.33268070221
76	23.233072	31.822392	49.45092	-34.492138	97.72549	38.433445	17.978916	53.64876	-38.324165	385000	8.8500975e-08	66.75271	-0.024667379	-15.903709	20.809704	0.01656245	0.1476	10.0	13597.43400478363
77	11.361231	33.53496	49.454975	-30.22671	83.33898	31.976948	25.279072	55.278484	-48.931	390000	8.392334e-09	112.78384	-0.036522564	-29.847908	20.782013	0.017592091	0.1948	19.0	13770.709978818893
78	6.2463093	35.53082	49.179485	-44.81147	91.69811	32.477158	23.148859	57.121284	-39.872494	395000	-3.6621095e-08	287.4917	-0.018224828	-86.61659	20.781952	0.015782703	0.1338	5.0	13942.926882982254
79	4.801565	34.22833	49.00952	-33.514214	83.81035	27.99093	25.542109	50.822075	-56.635647	400000	-5.645752e-08	122.22425	-0.029682958	-34.269615	20.749693	0.01712046	0.1854	13.0	14115.955016851425
80	1.382597	34.189632	47.98425	-39.099022	79.031746	27.441532	27.63258	63.47801	-53.97871	405000	6.408691e-08	189.81252	-0.045541987	-52.454346	20.784893	0.015729466	0.2062	25.0	14311.619054079056
81	7.6552567	35.594196	48.057476	-36.277687	85.06896	29.9794	25.652386	56.587315	-72.20901	410000	-3.3569336e-08	166.14917	-0.024936175	-42.578423	20.81664	0.018075675	0.184	8.0	14484.746567487717
82	11.804115	33.40529	50.157978	-32.759777	94.18868	31.890581	23.971523	54.56134	-53.515556	415000	5.340576e-09	124.95575	-0.032850955	-32.664665	20.818632	0.015538727	0.1552	15.0	14657.187184810638
83	20.707285	33.057697	48.889915	-34.56241	104.74468	37.245544	20.03354	55.34059	-36.158485	420000	-4.2724608e-08	118.5504	-0.03315333	-33.07345	20.814913	0.015838847	0.1946	17.0	14828.946630954742
84	12.297433	33.500275	50.347393	-36.674713	97.37255	32.996178	22.42117	55.752052	-40.206524	425000	1.2207032e-07	167.1139	-0.026704138	-41.93598	20.80021	0.015834052	0.1806	11.0	15001.024746656418
85	12.883843	33.629223	49.45248	-34.850697	91.111115	34.871067	21.114347	59.185226	-38.113575	430000	-2.1362304e-08	115.993614	-0.028797852	-24.058853	20.790125	0.015572772	0.1594	13.0	15194.466854333878
86	11.405077	35.16768	50.0168	-32.76819	84.17242	33.78164	23.520977	56.86309	-39.446598	435000	-3.6621095e-08	100.0645	-0.03587072	-16.191536	20.794565	0.016356017	0.192	15.0	15367.57152724266
87	11.792666	33.48116	48.887325	-38.816185	95.94118	33.598755	21.547873	57.637074	-44.993515	440000	-9.1552735e-08	155.39137	-0.0267403	-23.835175	20.804094	0.01860305	0.2022	11.0	15539.597168445587
88	12.1410265	34.380753	49.337715	-40.601048	81.27869	34.174026	23.240984	54.96979	-40.62677	445000	-3.967285e-08	115.56389	-0.032951273	-36.069115	20.822838	0.015632706	0.1948	16.0	15713.123743057251
89	9.072957	33.974106	49.28735	-33.34451	85.75439	31.963728	24.540571	55.609013	-39.683167	450000	-1.525879e-08	174.76297	-0.025727823	-41.18509	20.782413	0.017612536	0.1506	10.0	15885.903191566467
90	19.922943	31.677378	48.37108	-31.911139	101.53061	38.022457	19.056067	59.366913	-43.667347	455000	3.0517577e-09	85.66361	-0.039082926	-16.154541	20.802214	0.015199185	0.1702	18.0	16076.95496559143
91	11.915766	33.56546	48.430397	-38.241108	94.33962	33.47595	21.074541	54.930393	-41.533775	460000	-2.4414062e-08	244.22798	-0.03379989	-63.78961	20.799957	0.016217384	0.1612	17.0	16249.199088573456
92	16.762882	34.925854	49.734314	-39.126072	92.54717	35.197517	21.02957	55.284634	-43.509983	465000	4.2724608e-08	167.32065	-0.028294837	-37.000153	20.7746	0.018178571	0.183	11.0	16421.708453416824
93	11.635629	35.122524	48.660316	-40.702286	89.05357	34.026794	20.84299	59.285606	-32.966576	470000	-3.051758e-08	215.82037	-0.024165006	-64.49185	20.771235	0.016655639	0.133	8.0	16594.214097976685
94	7.6478205	34.70886	48.46658	-36.779858	82.95	28.053719	26.62672	54.68457	-54.29304	475000	-1.8310548e-08	183.85811	-0.03885752	-50.91542	20.771385	0.016237987	0.2048	20.0	16767.85594892502
95	7.7475705	34.362713	49.061375	-30.9514	87.92857	31.68615	24.643694	57.734955	-74.199165	480000	6.103516e-08	167.11446	-0.035858136	-26.879333	20.757862	0.015994286	0.1784	17.0	16958.39151287079
96	25.206388	30.310747	48.87205	-33.953213	103.375	39.109493	17.464928	59.42993	-42.16697	485000	-3.0517577e-09	172.79504	-0.04319725	-29.035248	20.787241	0.015455676	0.2718	41.0	17130.278843402863
97	7.188505	34.09357	48.73627	-32.5414	80.71667	28.27105	25.304634	53.931473	-41.351227	490000	-1.9836426e-08	137.83427	-0.040134765	-35.604355	20.800726	0.01671488	0.202	21.0	17303.957078933716
98	6.423924	35.13592	49.089924	-42.716343	84.206894	31.621012	25.418291	62.37603	-49.846	495000	-1.159668e-07	131.12154	-0.03552627	-36.91796	20.786057	0.016139837	0.1766	14.0	17476.717219352722
99	8.941173	34.92538	48.63552	-41.761284	79.51613	33.586414	23.747627	56.216743	-38.296505	500000	-5.645752e-08	139.64487	-0.03930902	-44.03672	20.784369	0.01686905	0.1976	21.0	17650.167857170105
100	2.1894474	34.21437	49.023113	-35.478188	80.064514	26.655119	27.725004	62.46573	-60.725487	505000	-2.1362304e-08	186.60555	-0.025583113	-66.06214	20.780764	0.018853484	0.1502	7.0	17852.426521539688
101	15.2661	34.474365	48.80253	-34.730785	89.490906	33.723232	23.218575	55.02581	-45.203926	510000	5.79834e-08	138.13016	-0.040420365	-38.007423	20.769094	0.015591873	0.187	21.0	18024.86509990692
102	17.175575	34.11386	50.04757	-45.9221	89.72727	37.602222	19.867458	66.80459	-46.794384	515000	1.6784668e-08	149.41264	-0.026259538	-45.863518	20.75114	0.01718394	0.163	11.0	18197.299775838852
103	15.077483	35.1295	49.57151	-40.56775	89.490906	33.389038	24.077658	54.80726	-42.23941	520000	1.8310548e-08	138.93297	-0.029298468	-39.11125	20.795595	0.017370911	0.1594	12.0	18370.19741511345
104	7.5894156	35.34136	48.972435	-36.075146	93.80769	31.800987	23.208294	57.328632	-43.858425	525000	2.4414062e-08	264.58078	-0.024777247	-115.86076	20.770918	0.014570862	0.1384	11.0	18542.435007333755
105	8.750217	35.370422	49.640682	-38.550186	84.42373	27.93105	28.356213	54.12552	-51.026283	530000	3.0517577e-09	157.89017	-0.034508508	-45.133163	20.766554	0.017816933	0.1862	16.0	18736.417009592056
106	14.58429	33.747795	49.85713	-31.074572	90.8	31.789637	25.288769	56.37888	-50.470997	535000	-7.324219e-08	165.89839	-0.034945153	-45.631516	20.748077	0.01618049	0.1852	18.0	18909.15896177292
107	10.118529	34.588943	49.593548	-31.898994	85.12281	32.93931	23.418	54.903965	-36.73534	540000	-1.0681153e-07	112.925026	-0.02634893	-30.83789	20.7646	0.018067015	0.1656	10.0	19082.222727060318
108	13.650055	33.625046	48.331047	-37.958515	95.67308	33.084686	24.231358	56.48831	-46.736755	545000	5.645752e-08	186.18806	-0.032445554	-57.61653	20.720827	0.01625315	0.178	14.0	19254.360122203827
109	12.282297	33.97943	48.989132	-31.976837	98.039215	34.742687	20.05361	56.283127	-36.247528	550000	1.0986328e-07	166.59158	-0.024208752	-44.049896	20.736319	0.019343903	0.2014	8.0	19426.428107261658
110	20.385387	31.421555	49.20553	-30.171022	109.31111	38.049175	18.10216	54.499393	-35.418346	555000	2.4414062e-08	115.92544	-0.02916632	-35.68184	20.769869	0.015624682	0.1792	14.0	19624.022931098938
111	12.68457	34.789425	49.552193	-44.218563	93.67308	34.977528	20.57676	58.061314	-32.913425	560000	5.1879884e-08	203.19414	-0.033175986	-45.327988	20.7619	0.016453452	0.1752	17.0	19796.36641550064
112	14.559644	33.46249	49.73802	-32.56368	101.89796	36.425037	20.218287	57.16681	-39.854343	565000	-4.5776368e-08	179.01003	-0.02676802	-50.573868	20.767794	0.016417533	0.1496	10.0	19968.160917043686
113	6.273307	33.20331	48.331474	-37.419014	87.50877	27.85073	26.03278	53.43556	-58.289482	570000	1.2207031e-08	214.75443	-0.016498331	-46.330276	20.75789	0.013162431	0.1624	4.0	20141.215062618256
114	5.3086896	34.788666	50.048714	-43.421547	86.086205	31.584679	23.074556	53.63969	-35.485897	575000	-6.1035155e-09	188.18843	-0.024712587	-59.197937	20.794863	0.016896067	0.155	11.0	20314.201948165894
115	10.657766	34.355846	48.565536	-34.297436	95.01923	31.734922	23.84786	57.162144	-67.814125	580000	6.1035155e-09	143.15712	-0.0122667635	-24.18747	20.752918	0.015018626	0.1504	3.0	20515.994358778
116	10.508192	34.783215	48.823395	-36.881943	87.03571	33.444218	23.583553	57.276573	-43.935513	585000	7.171631e-08	126.1775	-0.02984182	-31.750717	20.748693	0.015855158	0.1474	13.0	20688.767704963684
117	11.938405	33.54221	50.121918	-35.562347	84.10169	32.19358	24.204218	52.97312	-54.76233	590000	6.1035155e-09	118.05923	-0.037966978	-25.162437	20.726469	0.016266227	0.2038	18.0	20862.2650244236
118	9.976847	33.51337	49.262028	-35.02575	86.0	34.493958	22.366243	54.96894	-39.293137	595000	-2.89917e-08	141.26387	-0.033720784	-28.227684	20.770193	0.015590649	0.1478	13.0	21034.868379354477
119	7.3695292	34.897003	49.751057	-34.49916	79.81967	33.060112	24.429884	55.94795	-37.712265	600000	-5.1879884e-08	111.00209	-0.023374762	-29.74636	20.78378	0.0179438	0.1284	7.0	21208.37696146965
120	14.7457485	33.6857	49.2535	-31.470526	90.01818	33.98359	22.286692	56.812378	-38.02942	605000	-5.493164e-08	127.51694	-0.043683574	-31.67276	20.810423	0.01518766	0.1848	28.0	21395.094723939896
121	12.059235	34.586674	48.52431	-40.275826	103.041664	34.40335	22.41046	59.391655	-42.433056	610000	-9.002686e-08	197.71169	-0.03925481	-50.965378	20.771616	0.016068302	0.1706	19.0	21566.73721551895
122	21.495554	32.051342	48.658318	-38.720848	108.28889	36.573757	20.136366	55.56873	-47.14322	615000	-7.324219e-08	145.74089	-0.041071497	-37.967453	20.758663	0.015517038	0.2138	22.0	21738.090393304825
123	11.989196	34.119434	48.82972	-37.725155	92.886795	32.76905	24.040861	53.637554	-48.480434	620000	-6.713867e-08	144.0671	-0.0246029	-37.664467	20.720266	0.01610401	0.1424	9.0	21910.632281541824
124	8.311877	34.40058	49.78362	-37.026466	83.083336	31.224194	23.830746	54.14636	-46.313007	625000	5.79834e-08	142.3843	-0.035177875	-31.814827	20.722944	0.015237729	0.1688	18.0	22085.158497333527
